1.000000000000000000e+00 1.614737262143214738e+25 7.459253583203314126e+24 1.614737262143214524e+25 7.457591772601959378e+24
9.599999999999999645e-01 8.606970456032292630e+24 3.428016911672439757e+24 8.606970456032292630e+24 3.425985724423817512e+24
9.200000000000000400e-01 6.763954175667801996e+24 2.551520402319987156e+24 6.763954175667801996e+24 2.549503463330200984e+24
8.800000000000000044e-01 5.698540319986287439e+24 2.110838727942280193e+24 5.698540319986287439e+24 2.108971540515514581e+24
8.399999999999999689e-01 5.443269978180574278e+24 1.980142282563293121e+24 5.443269978180573205e+24 1.978261476157451718e+24
8.000000000000000444e-01 5.269862172797964470e+24 1.918710565634365123e+24 5.269862172797963396e+24 1.916893356260458337e+24
7.600000000000000089e-01 5.280679999494176238e+24 1.905312139904824010e+24 5.280679999494175165e+24 1.903520785472217441e+24
7.199999999999999734e-01 5.435838851971452345e+24 1.968700377922261083e+24 5.435838851971452345e+24 1.966780216885511176e+24
6.799999999999999378e-01 5.940919519470496237e+24 2.100765572605660285e+24 5.940919519470496237e+24 2.098761795090516839e+24
6.400000000000000133e-01 6.414364370246918914e+24 2.334103730778811285e+24 6.414364370246918914e+24 2.331955299580890556e+24
5.999999999999999778e-01 7.387748412049122707e+24 2.681359012112095691e+24 7.387748412049121633e+24 2.678859240632473589e+24
5.600000000000000533e-01 8.407257404879973082e+24 3.069582379354573653e+24 8.407257404879972008e+24 3.066751711395810329e+24
5.200000000000000178e-01 9.854235713652835425e+24 3.688376443648514571e+24 9.854235713652835425e+24 3.685339896794872998e+24
4.799999999999999822e-01 1.181636322887793795e+25 4.423905025399361792e+24 1.181636322887793795e+25 4.420487765942371275e+24
4.399999999999999467e-01 1.432054672391759631e+25 5.537079901434875218e+24 1.432054672391759631e+25 5.533485568671221230e+24
4.000000000000000222e-01 1.730649088452863667e+25 6.902319690353269073e+24 1.730649088452863452e+25 6.898519069123123954e+24
3.599999999999999867e-01 2.289081395699143421e+25 9.471482151541323237e+24 2.289081395699143421e+25 9.467663709226619040e+24
3.199999999999999512e-01 3.524336367337424255e+25 1.614491451947377792e+25 3.524336367337423826e+25 1.614185588071922168e+25
2.800000000000000266e-01 4.444510888231760434e+25 2.178383366558811919e+25 4.444510888231761293e+25 2.178116517470070557e+25
2.399999999999999911e-01 6.242377698654705045e+25 3.394537596824358559e+25 6.242377698654705045e+25 3.394484240154639136e+25
1.999999999999999556e-01 9.572478417101507939e+25 6.369066142098163106e+25 9.572478417101507939e+25 6.369569686464117323e+25
1.600000000000000311e-01 1.764769544237596221e+26 1.903654041699650497e+26 1.764769544237596221e+26 1.903977807042530986e+26
1.199999999999999956e-01 3.364255115224720641e+26 6.388060309654800618e+26 3.364255115224721328e+26 6.389443675003468832e+26
7.999999999999996003e-02 5.148707682667548267e+26 1.310039337864065085e+27 5.148707682667549641e+26 1.310325352358328951e+27
4.000000000000003553e-02 6.787033325557554888e+26 1.944331569004739288e+27 6.787033325557556262e+26 1.944763291680963885e+27
0.000000000000000000e+00 7.199598769927174165e+26 2.184742813684222979e+27 7.199598769927175539e+26 2.185211268972651776e+27
-4.000000000000003553e-02 7.281290278792410617e+26 2.267525417579235104e+27 7.281290278792413366e+26 2.268028687576966799e+27
-8.000000000000007105e-02 6.979141711458329645e+26 2.298040236753638116e+27 6.979141711458331020e+26 2.298531031937687408e+27
-1.200000000000001066e-01 6.778970107527481988e+26 2.304539791306268006e+27 6.778970107527484737e+26 2.305044488204583036e+27
-1.599999999999999201e-01 6.609232537863964466e+26 2.287647533719486589e+27 6.609232537863964466e+26 2.288148415482074620e+27
-1.999999999999999556e-01 6.386268404046015234e+26 2.294905611599645977e+27 6.386268404046016609e+26 2.295400344135086123e+27
-2.399999999999999911e-01 6.265312751535385642e+26 2.295138539277197628e+27 6.265312751535385642e+26 2.295632182849373261e+27
-2.800000000000000266e-01 6.164160775705593362e+26 2.290817311321336783e+27 6.164160775705594736e+26 2.291314362756452637e+27
-3.200000000000000622e-01 6.013000452174284747e+26 2.291901698285849286e+27 6.013000452174286121e+26 2.292397020031376313e+27
-3.600000000000000977e-01 5.838555277009061164e+26 2.282472585816376006e+27 5.838555277009061164e+26 2.282964668830767208e+27
-3.999999999999999112e-01 5.635890147889103929e+26 2.259707612499168565e+27 5.635890147889105303e+26 2.260192550595541738e+27
-4.399999999999999467e-01 5.647165750872024462e+26 2.278868453058215478e+27 5.647165750872025149e+26 2.279355103094408053e+27
-4.799999999999999822e-01 5.380433182167520414e+26 2.233140881141730647e+27 5.380433182167521789e+26 2.233615910152397018e+27
-5.200000000000000178e-01 5.200599729510363568e+26 2.228264196586834958e+27 5.200599729510364256e+26 2.228742917095560037e+27
-5.600000000000000533e-01 4.998985994901471464e+26 2.184495700498721584e+27 4.998985994901472151e+26 2.184965753627719619e+27
-6.000000000000000888e-01 4.909748481512104497e+26 2.177407698624151857e+27 4.909748481512105872e+26 2.177874632087511413e+27
-6.399999999999999023e-01 4.694140523767576065e+26 2.146691520750783908e+27 4.694140523767576065e+26 2.147150679114595643e+27
-6.799999999999999378e-01 4.537239626721507826e+26 2.136036281165257983e+27 4.537239626721509200e+26 2.136489966363324722e+27
-7.199999999999999734e-01 4.360626767674882183e+26 2.112050041172104238e+27 4.360626767674882870e+26 2.112497108809596112e+27
-7.600000000000000089e-01 4.267909728217235434e+26 2.118675536061983445e+27 4.267909728217236121e+26 2.119129818494264348e+27
-8.000000000000000444e-01 4.044014754444999979e+26 2.100327663793788766e+27 4.044014754445000666e+26 2.100769570223745182e+27
-8.400000000000000799e-01 3.532715650868141305e+26 2.012992806755857632e+27 3.532715650868141993e+26 2.013417406313593609e+27
-8.799999999999998934e-01 3.066438970760058452e+26 1.934797503916774194e+27 3.066438970760058796e+26 1.935204397021239077e+27
-9.199999999999999289e-01 2.672405948757021102e+26 1.835882857904398387e+27 2.672405948757021102e+26 1.836265951101316196e+27
-9.599999999999999645e-01 2.386087814797411035e+26 1.750287336853409543e+27 2.386087814797411722e+26 1.750654880055901951e+27
