1.000000000000000000e+00 1.479775253108643455e+25 6.550811778036044996e+24 1.479775253108643455e+25 6.549047814068620195e+24
9.599999999999999645e-01 7.673887305131623742e+24 3.053370752504154808e+24 7.673887305131623742e+24 3.051218613026412583e+24
9.200000000000000400e-01 6.026928805357170270e+24 2.303407267199159305e+24 6.026928805357170270e+24 2.301340205254725251e+24
8.800000000000000044e-01 5.144337890266654861e+24 1.918730125801175233e+24 5.144337890266653787e+24 1.916873017848063662e+24
8.399999999999999689e-01 4.903142512016320056e+24 1.827846967579805986e+24 4.903142512016318983e+24 1.825983467617327834e+24
8.000000000000000444e-01 4.760802517246029230e+24 1.742829676501076390e+24 4.760802517246029230e+24 1.741034895349441435e+24
7.600000000000000089e-01 4.716793343263277364e+24 1.799633053760627807e+24 4.716793343263277364e+24 1.797776492760600897e+24
7.199999999999999734e-01 4.944234721773686710e+24 1.817357342333751486e+24 4.944234721773686710e+24 1.815519498566787402e+24
6.799999999999999378e-01 5.257222552438747680e+24 1.923692797334551039e+24 5.257222552438747680e+24 1.921598346870856587e+24
6.400000000000000133e-01 5.775083806725363441e+24 2.147318616600414085e+24 5.775083806725362367e+24 2.145151111321334812e+24
5.999999999999999778e-01 6.677104181508820412e+24 2.476883944009775658e+24 6.677104181508820412e+24 2.474440029158314296e+24
5.600000000000000533e-01 7.557464447760003506e+24 2.789663365986206228e+24 7.557464447760004580e+24 2.786816627694307599e+24
5.200000000000000178e-01 8.917271576230099977e+24 3.393463954077694613e+24 8.917271576230098903e+24 3.390527363696626397e+24
4.799999999999999822e-01 1.049440054975161799e+25 4.051001062742766589e+24 1.049440054975161799e+25 4.047433869163263093e+24
4.399999999999999467e-01 1.255764812811306920e+25 5.011613566062698617e+24 1.255764812811306920e+25 5.007578516854770244e+24
4.000000000000000222e-01 1.526847874733514122e+25 6.184207218233493953e+24 1.526847874733514122e+25 6.179948301459612846e+24
3.599999999999999867e-01 1.983332781047424374e+25 8.286505935241434003e+24 1.983332781047424374e+25 8.281450575435527983e+24
3.199999999999999512e-01 3.166338888807528938e+25 1.417739065493517034e+25 3.166338888807528938e+25 1.417310161010182113e+25
2.800000000000000266e-01 4.203116788810017524e+25 1.924545809717781845e+25 4.203116788810017524e+25 1.924379644675930590e+25
2.399999999999999911e-01 6.414858758473465557e+25 3.178437183440178269e+25 6.414858758473465557e+25 3.178965215242734155e+25
1.999999999999999556e-01 1.214584362840106117e+26 6.760632140245029394e+25 1.214584362840106289e+26 6.764231534801068417e+25
1.600000000000000311e-01 3.669745544272815167e+26 3.010767246109716315e+26 3.669745544272815167e+26 3.012936841858275611e+26
1.199999999999999956e-01 1.097231501775495269e+27 1.424044186784921725e+27 1.097231501775495269e+27 1.424824537785113363e+27
7.999999999999996003e-02 2.056956598955479412e+27 3.286090614781717427e+27 2.056956598955479687e+27 3.287593259067795641e+27
4.000000000000003553e-02 2.931792512376923985e+27 5.076792950205130850e+27 2.931792512376924535e+27 5.078952849415855941e+27
0.000000000000000000e+00 3.235777375982321743e+27 5.815570054849611141e+27 3.235777375982322292e+27 5.817939461069830141e+27
-4.000000000000003553e-02 3.313538003476175184e+27 6.112794176683183081e+27 3.313538003476175184e+27 6.115246263482543898e+27
-8.000000000000007105e-02 3.300823737555905919e+27 6.281610213482664465e+27 3.300823737555905919e+27 6.284030776494196600e+27
-1.200000000000001066e-01 3.282568123339409544e+27 6.363509152516342241e+27 3.282568123339409544e+27 6.365942321360519305e+27
-1.599999999999999201e-01 3.231753670745151301e+27 6.361333380484638799e+27 3.231753670745151851e+27 6.363730530469134613e+27
-1.999999999999999556e-01 3.210570502134184396e+27 6.422727762142163760e+27 3.210570502134184946e+27 6.425098056434635875e+27
-2.399999999999999911e-01 3.193185595429536960e+27 6.456025067737921785e+27 3.193185595429536960e+27 6.458390121122067872e+27
-2.800000000000000266e-01 3.154372211739060088e+27 6.489239766980165552e+27 3.154372211739060088e+27 6.491571627476686069e+27
-3.200000000000000622e-01 3.120415255157167689e+27 6.535242363144778384e+27 3.120415255157168239e+27 6.537536282548378037e+27
-3.600000000000000977e-01 3.095341484798149649e+27 6.543576962563821016e+27 3.095341484798149649e+27 6.545866009736614529e+27
-3.999999999999999112e-01 3.031120537627447204e+27 6.531823281189161476e+27 3.031120537627447753e+27 6.534051548964830142e+27
-4.399999999999999467e-01 3.051146364107052469e+27 6.579043459401722816e+27 3.051146364107052469e+27 6.581290973891859282e+27
-4.799999999999999822e-01 2.973432000204094585e+27 6.481995251893999580e+27 2.973432000204094585e+27 6.484192586642572918e+27
-5.200000000000000178e-01 2.961146180183361509e+27 6.505387419127804644e+27 2.961146180183361509e+27 6.507591619447543847e+27
-5.600000000000000533e-01 2.880962542648444962e+27 6.413558176876502527e+27 2.880962542648445511e+27 6.415700884553249992e+27
-6.000000000000000888e-01 2.847979125431809979e+27 6.407606610872777271e+27 2.847979125431809979e+27 6.409726721923742378e+27
-6.399999999999999023e-01 2.798794094450971422e+27 6.359098326771357776e+27 2.798794094450971422e+27 6.361185415965505626e+27
-6.799999999999999378e-01 2.774777506424794015e+27 6.349439593261173760e+27 2.774777506424794015e+27 6.351508482166011807e+27
-7.199999999999999734e-01 2.705933997784038989e+27 6.330939632862623996e+27 2.705933997784038989e+27 6.332947782125593528e+27
-7.600000000000000089e-01 2.690946003489281844e+27 6.389533725028120815e+27 2.690946003489282394e+27 6.391542046917789209e+27
-8.000000000000000444e-01 2.667571091828340379e+27 6.366781762256088825e+27 2.667571091828340929e+27 6.368781462590961227e+27
-8.400000000000000799e-01 2.481167572949128727e+27 6.213867830075641186e+27 2.481167572949129277e+27 6.215729811776322718e+27
-8.799999999999998934e-01 2.335342814093057694e+27 6.058561068870791660e+27 2.335342814093057969e+27 6.060316823250538099e+27
-9.199999999999999289e-01 2.163316755614915773e+27 5.821040650927840103e+27 2.163316755614915773e+27 5.822652955746841796e+27
-9.599999999999999645e-01 2.023335968913179512e+27 5.626467856040243289e+27 2.023335968913179512e+27 5.627987620647319687e+27
