0.000000000000000000e+00 9.801321238429013150e+00
4.000000000000000327e-05 9.801317677170890974e+00
8.000000000000000654e-05 9.801315341668642489e+00
1.200000000000000166e-04 9.801314491866980561e+00
1.600000000000000131e-04 9.801314018360386626e+00
2.000000000000000096e-04 9.801313380946927722e+00
2.400000000000000332e-04 9.801313121792043503e+00
2.800000000000000297e-04 9.801312954792047449e+00
3.200000000000000262e-04 9.801312624436514298e+00
3.600000000000000227e-04 9.801312353231962149e+00
4.000000000000000192e-04 9.801312186967951590e+00
4.400000000000000157e-04 9.801311874445421068e+00
4.800000000000000664e-04 9.801311736140872810e+00
5.200000000000000629e-04 9.801311494358943222e+00
5.600000000000000594e-04 9.801311329708982001e+00
6.000000000000000559e-04 9.801311165439168249e+00
6.400000000000000524e-04 9.801310894243783878e+00
6.800000000000000488e-04 9.801310783313706310e+00
7.200000000000000453e-04 9.801310586975164441e+00
7.600000000000000418e-04 9.801310367760766695e+00
8.000000000000000383e-04 9.801310205101508188e+00
8.400000000000000348e-04 9.801310042810172263e+00
8.800000000000000313e-04 9.801309880849316869e+00
9.200000000000000278e-04 9.801309719218210148e+00
9.600000000000001327e-04 9.801309479646446832e+00
1.000000000000000021e-03 9.801309357103114905e+00
1.040000000000000126e-03 9.801309172336505782e+00
1.080000000000000014e-03 9.801309012207607196e+00
1.120000000000000119e-03 9.801308810890962064e+00
1.160000000000000007e-03 9.801308651210389300e+00
1.200000000000000112e-03 9.801308491884668683e+00
1.240000000000000000e-03 9.801308332888112318e+00
1.280000000000000105e-03 9.801308174220899616e+00
1.320000000000000210e-03 9.801308015883169134e+00
1.360000000000000098e-03 9.801307857875018570e+00
1.400000000000000203e-03 9.801307643092728838e+00
1.440000000000000091e-03 9.801307513769469182e+00
1.480000000000000196e-03 9.801307350472859170e+00
1.520000000000000084e-03 9.801307182458357303e+00
1.560000000000000189e-03 9.801307026098202257e+00
1.600000000000000077e-03 9.801306870188824405e+00
1.640000000000000182e-03 9.801306714478410953e+00
1.680000000000000070e-03 9.801306528971887033e+00
1.720000000000000175e-03 9.801306373855444676e+00
1.760000000000000063e-03 9.801306219141569187e+00
1.800000000000000168e-03 9.801306064756600378e+00
1.840000000000000056e-03 9.801305910700399693e+00
1.880000000000000161e-03 9.801305756973070160e+00
1.920000000000000265e-03 9.801305603575073633e+00
1.960000000000000370e-03 9.801305450506180961e+00
2.000000000000000042e-03 9.801305297766189639e+00
2.040000000000000147e-03 9.801305103701061228e+00
2.080000000000000251e-03 9.801304951618432071e+00
2.120000000000000356e-03 9.801304820301174558e+00
2.160000000000000028e-03 9.801304668875706838e+00
2.200000000000000133e-03 9.801304504939103879e+00
2.240000000000000237e-03 9.801304354170609301e+00
2.280000000000000342e-03 9.801304203730582643e+00
2.320000000000000014e-03 9.801304053619015022e+00
2.360000000000000119e-03 9.801303903915687954e+00
2.400000000000000223e-03 9.801303754455091166e+00
2.440000000000000328e-03 9.801303583318286883e+00
2.480000000000000000e-03 9.801303434520429292e+00
2.520000000000000104e-03 9.801303286001909143e+00
2.560000000000000209e-03 9.801303137860866599e+00
2.600000000000000314e-03 9.801302990048212038e+00
2.640000000000000419e-03 9.801302842563922368e+00
2.680000000000000090e-03 9.801302695407983379e+00
2.720000000000000195e-03 9.801302548580364871e+00
2.760000000000000300e-03 9.801302402081043752e+00
2.800000000000000405e-03 9.801302255909989825e+00
2.840000000000000076e-03 9.801302110067169338e+00
2.880000000000000181e-03 9.801301964552548540e+00
2.920000000000000286e-03 9.801301819366090129e+00
2.960000000000000391e-03 9.801301644128214363e+00
3.000000000000000062e-03 9.801301499597906641e+00
3.040000000000000167e-03 9.801301355395631631e+00
3.080000000000000272e-03 9.801301211521346701e+00
3.120000000000000377e-03 9.801301082876559434e+00
3.160000000000000048e-03 9.801300939658132094e+00
3.200000000000000153e-03 9.801300796767545620e+00
3.240000000000000258e-03 9.801300644840868159e+00
3.280000000000000363e-03 9.801300502605792886e+00
3.320000000000000468e-03 9.801300360698409264e+00
3.360000000000000139e-03 9.801300219118660451e+00
3.400000000000000244e-03 9.801300077866493154e+00
3.440000000000000349e-03 9.801299936999919638e+00
3.480000000000000454e-03 9.801299796397000108e+00
3.520000000000000125e-03 9.801299656123367399e+00
3.560000000000000230e-03 9.801299516181197546e+00
3.600000000000000335e-03 9.801299360496404489e+00
3.640000000000000440e-03 9.801299221209362145e+00
3.680000000000000111e-03 9.801299082217129310e+00
3.720000000000000216e-03 9.801298943584937362e+00
3.760000000000000321e-03 9.801298805280081794e+00
3.800000000000000426e-03 9.801298667302502210e+00
3.840000000000000531e-03 9.801298529652145319e+00
3.880000000000000202e-03 9.801298392328966713e+00
3.920000000000000741e-03 9.801298255332918430e+00
3.959999999999999978e-03 9.801298118663959613e+00
4.000000000000000083e-03 9.801297982322051183e+00
4.040000000000000188e-03 9.801297846307155837e+00
4.080000000000000293e-03 9.801297710619238046e+00
4.120000000000000398e-03 9.801297575258262285e+00
4.160000000000000503e-03 9.801297440224196578e+00
4.200000000000000608e-03 9.801297305517007175e+00
4.240000000000000713e-03 9.801297171136667430e+00
4.279999999999999950e-03 9.801297037083140040e+00
4.320000000000000055e-03 9.801296903356398360e+00
4.360000000000000160e-03 9.801296747802162201e+00
4.400000000000000265e-03 9.801296614728862266e+00
4.440000000000000370e-03 9.801296481982255671e+00
4.480000000000000475e-03 9.801296349562317545e+00
4.520000000000000580e-03 9.801296217469012362e+00
4.560000000000000685e-03 9.801296096567124749e+00
4.600000000000000790e-03 9.801295965127021503e+00
4.640000000000000027e-03 9.801295834013464159e+00
4.680000000000000132e-03 9.801295703226422518e+00
4.720000000000000237e-03 9.801295570317158479e+00
4.760000000000000342e-03 9.801295440164578210e+00
4.800000000000000447e-03 9.801295305996047702e+00
4.840000000000000552e-03 9.801295176514745577e+00
4.880000000000000657e-03 9.801295047359799284e+00
4.920000000000000762e-03 9.801294918531178624e+00
4.959999999999999999e-03 9.801294790028853399e+00
5.000000000000000104e-03 9.801294661852788082e+00
5.040000000000000209e-03 9.801294534002950698e+00
5.080000000000000314e-03 9.801294406513415325e+00
5.120000000000000419e-03 9.801294279315934332e+00
5.160000000000000524e-03 9.801294152444580021e+00
5.200000000000000629e-03 9.801294025896780227e+00
5.240000000000000734e-03 9.801293899677574473e+00
5.280000000000000838e-03 9.801293762054944736e+00
5.320000000000000076e-03 9.801293636487729444e+00
5.360000000000000181e-03 9.801293511246464973e+00
5.400000000000000286e-03 9.801293386309502864e+00
5.440000000000000391e-03 9.801293261720037009e+00
5.480000000000000496e-03 9.801293137456415394e+00
5.520000000000000601e-03 9.801293013518606045e+00
5.560000000000000706e-03 9.801292889906571659e+00
5.600000000000000810e-03 9.801292766620273156e+00
5.640000000000000048e-03 9.801292643659680337e+00
5.680000000000000153e-03 9.801292521024750570e+00
5.720000000000000258e-03 9.801292398715451881e+00
5.760000000000000363e-03 9.801292276731745190e+00
5.800000000000000468e-03 9.801292155073594969e+00
5.840000000000000573e-03 9.801292033740963916e+00
5.880000000000000678e-03 9.801291912733816503e+00
5.920000000000000782e-03 9.801291792052115426e+00
5.960000000000000887e-03 9.801291671695821606e+00
6.000000000000000125e-03 9.801291551664904844e+00
6.040000000000000230e-03 9.801291431959322509e+00
6.080000000000000335e-03 9.801291312579039072e+00
6.120000000000000440e-03 9.801291193524013678e+00
6.160000000000000545e-03 9.801291074794216129e+00
6.200000000000000649e-03 9.801290956389609121e+00
6.240000000000000754e-03 9.801290838310151798e+00
6.280000000000000859e-03 9.801290720555808633e+00
6.320000000000000097e-03 9.801290603126544099e+00
6.360000000000000202e-03 9.801290486022319115e+00
6.400000000000000307e-03 9.801290369243098155e+00
6.440000000000000412e-03 9.801290236634226716e+00
6.480000000000000517e-03 9.801290120504871695e+00
6.520000000000000621e-03 9.801290004700407010e+00
6.560000000000000726e-03 9.801289889220800688e+00
6.600000000000000831e-03 9.801289774066011873e+00
6.640000000000000936e-03 9.801289659236006813e+00
6.680000000000000174e-03 9.801289544730792613e+00
6.720000000000000279e-03 9.801289438471629367e+00
6.760000000000000384e-03 9.801289324615975573e+00
6.800000000000000488e-03 9.801289211085032704e+00
6.840000000000000593e-03 9.801289097878756351e+00
6.880000000000000698e-03 9.801288984997107434e+00
6.920000000000000803e-03 9.801288872440043320e+00
6.960000000000000908e-03 9.801288758419900660e+00
7.000000000000000146e-03 9.801288646499685342e+00
7.040000000000000251e-03 9.801288531737545995e+00
7.080000000000000356e-03 9.801288420478428520e+00
7.120000000000000460e-03 9.801288309543705779e+00
7.160000000000000565e-03 9.801288198933338691e+00
7.200000000000000670e-03 9.801288088647289953e+00
7.240000000000000775e-03 9.801287978685527591e+00
7.280000000000000880e-03 9.801287869048008972e+00
7.320000000000000985e-03 9.801287759734702121e+00
7.360000000000000223e-03 9.801287650745569735e+00
7.400000000000000328e-03 9.801287542080578064e+00
7.440000000000000432e-03 9.801287433764901635e+00
7.480000000000000537e-03 9.801287325745088097e+00
7.520000000000000642e-03 9.801287218052301853e+00
7.560000000000000747e-03 9.801287110683515991e+00
7.600000000000000852e-03 9.801287003638693207e+00
7.640000000000000957e-03 9.801286896916124647e+00
7.680000000000001062e-03 9.801286790519132097e+00
7.720000000000000299e-03 9.801286684445999597e+00
7.760000000000000404e-03 9.801286570137609289e+00
7.800000000000000509e-03 9.801286464712079649e+00
7.840000000000001482e-03 9.801286359610310583e+00
7.879999999999999852e-03 9.801286254832264788e+00
7.919999999999999957e-03 9.801286150358556881e+00
7.960000000000000062e-03 9.801286046232942084e+00
8.000000000000000167e-03 9.801285942425872477e+00
8.040000000000000271e-03 9.801285838942391138e+00
8.080000000000000376e-03 9.801285735782466091e+00
8.120000000000000481e-03 9.801285632946065363e+00
8.160000000000000586e-03 9.801285530433151649e+00
8.200000000000000691e-03 9.801285428243694753e+00
8.240000000000000796e-03 9.801285326377659146e+00
8.280000000000000901e-03 9.801285224835011078e+00
8.320000000000001006e-03 9.801285123615716799e+00
8.360000000000001111e-03 9.801285022719744333e+00
8.400000000000001216e-03 9.801284922147058154e+00
8.440000000000001321e-03 9.801284821897624511e+00
8.480000000000001426e-03 9.801284721971411429e+00
8.520000000000001530e-03 9.801284622368385158e+00
8.559999999999999901e-03 9.801284523088510170e+00
8.600000000000000006e-03 9.801284424131754491e+00
8.640000000000000110e-03 9.801284325498082595e+00
8.680000000000000215e-03 9.801284227187462506e+00
8.720000000000000320e-03 9.801284129199860473e+00
8.760000000000000425e-03 9.801284031535242747e+00
8.800000000000000530e-03 9.801283934193575575e+00
8.840000000000000635e-03 9.801283837174825209e+00
8.880000000000000740e-03 9.801283740478956119e+00
8.920000000000000845e-03 9.801283644105938109e+00
8.960000000000000950e-03 9.801283548055733874e+00
9.000000000000001055e-03 9.801283452328313217e+00
9.040000000000001160e-03 9.801283356923638834e+00
9.080000000000001265e-03 9.801283261841678751e+00
9.120000000000001369e-03 9.801283167082399217e+00
9.160000000000001474e-03 9.801283072645766481e+00
9.200000000000001579e-03 9.801282978531745016e+00
9.239999999999999949e-03 9.801282884740302848e+00
9.280000000000000054e-03 9.801282791271406225e+00
9.320000000000000159e-03 9.801282698125019621e+00
9.360000000000000264e-03 9.801282605301111062e+00
9.400000000000000369e-03 9.801282512799645019e+00
9.440000000000000474e-03 9.801282420620589519e+00
9.480000000000000579e-03 9.801282316984721632e+00
9.520000000000000684e-03 9.801282225450355767e+00
9.560000000000000789e-03 9.801282134238299193e+00
9.600000000000000894e-03 9.801282043348514605e+00
9.640000000000000999e-03 9.801281952780970030e+00
9.680000000000001104e-03 9.801281862535631717e+00
9.720000000000001208e-03 9.801281772612464138e+00
9.760000000000001313e-03 9.801281683011435319e+00
9.800000000000001418e-03 9.801281593732507957e+00
9.840000000000001523e-03 9.801281504775651854e+00
9.880000000000001628e-03 9.801281421915932768e+00
9.919999999999999998e-03 9.801281333603125034e+00
9.960000000000000103e-03 9.801281245612285531e+00
1.000000000000000021e-02 9.801281157943382283e+00
1.178000000000000054e-02 9.801277572188716647e+00
1.356000000000000087e-02 9.801274630746730665e+00
1.533999999999999947e-02 9.801272313758749632e+00
1.711999999999999980e-02 9.801270627788312595e+00
1.890000000000000013e-02 9.801269571997300645e+00
2.068000000000000047e-02 9.801269132709675702e+00
2.246000000000000080e-02 9.801269321960505820e+00
2.424000000000000113e-02 9.801270124684554830e+00
2.602000000000000146e-02 9.801271539574312186e+00
2.779999999999999832e-02 9.801273569281525155e+00
2.958000000000000212e-02 9.801276207723777389e+00
3.135999999999999899e-02 9.801279447605946160e+00
3.314000000000000279e-02 9.801283296196363182e+00
3.491999999999999965e-02 9.801287744591443030e+00
3.670000000000000345e-02 9.801292788535919343e+00
3.848000000000000032e-02 9.801298430258114536e+00
4.026000000000000412e-02 9.801304664734656669e+00
4.204000000000000098e-02 9.801311489384985975e+00
4.382000000000000478e-02 9.801318901655655225e+00
4.560000000000000164e-02 9.801326895683521556e+00
4.738000000000000544e-02 9.801335477266535534e+00
4.916000000000000231e-02 9.801344636296192903e+00
5.094000000000000611e-02 9.801354374003576453e+00
5.272000000000000297e-02 9.801364686931247405e+00
5.450000000000000677e-02 9.801375570894698797e+00
5.628000000000000363e-02 9.801387027051994494e+00
5.806000000000000744e-02 9.801399051274467311e+00
5.984000000000000430e-02 9.801411641222667726e+00
6.162000000000000810e-02 9.801424794582242583e+00
6.339999999999999802e-02 9.801438509062071702e+00
6.518000000000000183e-02 9.801452782394148855e+00
6.696000000000000563e-02 9.801467609898173450e+00
6.873999999999999555e-02 9.801482995415986110e+00
7.051999999999999935e-02 9.801498931926264646e+00
7.230000000000000315e-02 9.801515417695652488e+00
7.407999999999999308e-02 9.801532452070951251e+00
7.585999999999999688e-02 9.801550032172681171e+00
7.764000000000000068e-02 9.801568155887446565e+00
7.942000000000000448e-02 9.801586819837165621e+00
8.119999999999999440e-02 9.801606024545426621e+00
8.297999999999999821e-02 9.801625766678116136e+00
8.476000000000000201e-02 9.801646044214338716e+00
8.654000000000000581e-02 9.801666855156415892e+00
8.831999999999999573e-02 9.801688197528642732e+00
9.009999999999999953e-02 9.801710069377278955e+00
9.188000000000000334e-02 9.801732468770691042e+00
9.366000000000000714e-02 9.801755393798572413e+00
9.543999999999999706e-02 9.801778842572247186e+00
9.722000000000000086e-02 9.801802811443376839e+00
9.900000000000000466e-02 9.801827302128611308e+00
1.007799999999999946e-01 9.801852311896379177e+00
1.025599999999999984e-01 9.801877837197496390e+00
1.043400000000000022e-01 9.801903876925083026e+00
1.061200000000000060e-01 9.801930429365963704e+00
1.078999999999999959e-01 9.801957493283213196e+00
1.096799999999999997e-01 9.801985066608695618e+00
1.114600000000000035e-01 9.802013147646928104e+00
1.132400000000000073e-01 9.802041734719111332e+00
1.150199999999999972e-01 9.802070826172199602e+00
1.168000000000000010e-01 9.802100419423702249e+00
1.185800000000000048e-01 9.802130514755550195e+00
1.203600000000000086e-01 9.802161109629436098e+00
1.221399999999999986e-01 9.802192202471957216e+00
1.239200000000000024e-01 9.802223791732108893e+00
1.257000000000000062e-01 9.802255875879200886e+00
1.274800000000000100e-01 9.802288453403047441e+00
1.292600000000000138e-01 9.802321522813924659e+00
1.310400000000000176e-01 9.802355082642506545e+00
1.328200000000000214e-01 9.802389131439831260e+00
1.345999999999999974e-01 9.802423667777235394e+00
1.363800000000000290e-01 9.802458690246313111e+00
1.381600000000000050e-01 9.802494197458869962e+00
1.399400000000000088e-01 9.802530188046871373e+00
1.417200000000000126e-01 9.802566659356877210e+00
1.435000000000000164e-01 9.802603612671793698e+00
1.452800000000000202e-01 9.802641045378585716e+00
1.470600000000000240e-01 9.802678956189424753e+00
1.488400000000000278e-01 9.802717344476793215e+00
1.506200000000000316e-01 9.802756207712128855e+00
1.524000000000000077e-01 9.802795545307539271e+00
1.541800000000000115e-01 9.802835355909039095e+00
1.559600000000000153e-01 9.802875638362555932e+00
1.577400000000000191e-01 9.802916391867485757e+00
1.595200000000000229e-01 9.802957615017916737e+00
1.613000000000000267e-01 9.802999306684499814e+00
1.630800000000000305e-01 9.803041465758402850e+00
1.648600000000000065e-01 9.803084091147537649e+00
1.666400000000000103e-01 9.803127181782732791e+00
1.684200000000000141e-01 9.803170736612717207e+00
1.702000000000000179e-01 9.803214753910390655e+00
1.719800000000000217e-01 9.803259234055127891e+00
1.737600000000000255e-01 9.803304175358114492e+00
1.755400000000000293e-01 9.803349576847798730e+00
1.773200000000000331e-01 9.803395437569477622e+00
1.791000000000000092e-01 9.803441756589023726e+00
1.808800000000000130e-01 9.803488532991483595e+00
1.826600000000000168e-01 9.803535765881255415e+00
1.844400000000000206e-01 9.803583454382048146e+00
1.862200000000000244e-01 9.803631597636799810e+00
1.880000000000000282e-01 9.803680194807704140e+00
1.897800000000000320e-01 9.803729245076183929e+00
1.915600000000000080e-01 9.803778747642883928e+00
1.933400000000000118e-01 9.803828701727629991e+00
1.951200000000000156e-01 9.803879106569427293e+00
1.969000000000000195e-01 9.803929961426428363e+00
1.986800000000000233e-01 9.803981265575924198e+00
2.004600000000000271e-01 9.804033018314324721e+00
2.022400000000000309e-01 9.804085218957135694e+00
2.040200000000000347e-01 9.804137866838949833e+00
2.058000000000000107e-01 9.804190961313437924e+00
2.075800000000000145e-01 9.804244500794682793e+00
2.093600000000000183e-01 9.804298486591534356e+00
2.111400000000000221e-01 9.804352917156327507e+00
2.129200000000000259e-01 9.804407791918873016e+00
2.147000000000000297e-01 9.804463110327985120e+00
2.164800000000000335e-01 9.804518872321661860e+00
2.182600000000000096e-01 9.804575076446397475e+00
2.200400000000000134e-01 9.804631722678072592e+00
2.218200000000000172e-01 9.804688810541421162e+00
2.236000000000000210e-01 9.804746339580141523e+00
2.253800000000000248e-01 9.804804309249893990e+00
2.271600000000000286e-01 9.804862719157565465e+00
2.289400000000000324e-01 9.804921569174020135e+00
2.307200000000000362e-01 9.804980858730097282e+00
2.325000000000000122e-01 9.805040587464194601e+00
2.342800000000000160e-01 9.805100755033638649e+00
2.360600000000000198e-01 9.805161361114684837e+00
2.378400000000000236e-01 9.805222405402503227e+00
2.396200000000000274e-01 9.805283887611761173e+00
2.414000000000000312e-01 9.805345807474152409e+00
2.431800000000000350e-01 9.805408164742521748e+00
2.449600000000000111e-01 9.805470959187513103e+00
2.467400000000000149e-01 9.805534190598969246e+00
2.485200000000000187e-01 9.805597858785850107e+00
2.503000000000000225e-01 9.805661963063711184e+00
2.520800000000000263e-01 9.805726504302223034e+00
2.538600000000000301e-01 9.805791481855038683e+00
2.556400000000000339e-01 9.805856895607565349e+00
2.574200000000000377e-01 9.805922745462481771e+00
2.591999999999999860e-01 9.805989031342193130e+00
2.609800000000000453e-01 9.806055753187941093e+00
2.627600000000000491e-01 9.806122910959928163e+00
2.645400000000000529e-01 9.806190504637321226e+00
2.663200000000000012e-01 9.806258534218260436e+00
2.681000000000000050e-01 9.806326999719868098e+00
2.698800000000000088e-01 9.806395901178262875e+00
2.716600000000000126e-01 9.806465238648558014e+00
2.734400000000000164e-01 9.806535012204884438e+00
2.752200000000000202e-01 9.806605221940394301e+00
2.770000000000000240e-01 9.806675867967278748e+00
2.787800000000000278e-01 9.806746950416771469e+00
2.805600000000000316e-01 9.806818469439173569e+00
2.823400000000000354e-01 9.806890425203855344e+00
2.841200000000000392e-01 9.806962817899282925e+00
2.859000000000000430e-01 9.807035647733018280e+00
2.876800000000000468e-01 9.807108914931751187e+00
2.894600000000000506e-01 9.807182619741302787e+00
2.912400000000000544e-01 9.807256762426648677e+00
2.930200000000000027e-01 9.807331343271934898e+00
2.948000000000000065e-01 9.807406362580497472e+00
2.965800000000000103e-01 9.807481820674874839e+00
2.983600000000000141e-01 9.807557717896838057e+00
3.001400000000000179e-01 9.807634054607397900e+00
3.019200000000000217e-01 9.807710831186836842e+00
3.037000000000000255e-01 9.807788047330838310e+00
3.054800000000000293e-01 9.807865704865966094e+00
3.072600000000000331e-01 9.807943803526629978e+00
3.090400000000000369e-01 9.808022343770394613e+00
3.108200000000000407e-01 9.808101326074201154e+00
3.126000000000000445e-01 9.808180750934395675e+00
3.143800000000000483e-01 9.808260618866752267e+00
3.161600000000000521e-01 9.808340930751699105e+00
3.179400000000000559e-01 9.808421686453572264e+00
3.197200000000000042e-01 9.808502886891744765e+00
3.215000000000000080e-01 9.808584532659960331e+00
3.232800000000000118e-01 9.808666624371516818e+00
3.250600000000000156e-01 9.808749162659308851e+00
3.268400000000000194e-01 9.808832148175840260e+00
3.286200000000000232e-01 9.808915581514730420e+00
3.304000000000000270e-01 9.808999463524877171e+00
3.321800000000000308e-01 9.809083794700782732e+00
3.339600000000000346e-01 9.809168576050733890e+00
3.357400000000000384e-01 9.809253808187287760e+00
3.375200000000000422e-01 9.809339491881301498e+00
3.393000000000000460e-01 9.809425627923474167e+00
3.410800000000000498e-01 9.809512217124371602e+00
3.428600000000000536e-01 9.809599260314467273e+00
3.446400000000000574e-01 9.809686758344176027e+00
3.464200000000000057e-01 9.809774712083891401e+00
3.482000000000000095e-01 9.809863122424408388e+00
3.499800000000000133e-01 9.809951990275418865e+00
3.517600000000000171e-01 9.810041316567726710e+00
3.535400000000000209e-01 9.810131102252258373e+00
3.553200000000000247e-01 9.810221348299730693e+00
3.571000000000000285e-01 9.810312055701192691e+00
3.588800000000000323e-01 9.810403225467910104e+00
3.606600000000000361e-01 9.810494858631518156e+00
3.624400000000000399e-01 9.810586956244105039e+00
3.642200000000000437e-01 9.810679519001910265e+00
3.660000000000000475e-01 9.810772548749046251e+00
3.677800000000000513e-01 9.810866046223088333e+00
3.695600000000000551e-01 9.810960012557393028e+00
3.713400000000000589e-01 9.811054448906755709e+00
3.731200000000000072e-01 9.811149356445751479e+00
3.749000000000000110e-01 9.811244736369662434e+00
3.766800000000000148e-01 9.811340589894681941e+00
3.784600000000000186e-01 9.811436918257662398e+00
3.802400000000000224e-01 9.811533722716241357e+00
3.820200000000000262e-01 9.811631004548880597e+00
3.838000000000000300e-01 9.811728765054928303e+00
3.855800000000000338e-01 9.811827005554659920e+00
3.873600000000000376e-01 9.811925727389334995e+00
3.891400000000000414e-01 9.812024931921250470e+00
3.909200000000000452e-01 9.812124620533783315e+00
3.927000000000000490e-01 9.812224794631452696e+00
3.944800000000000528e-01 9.812325455639975047e+00
3.962600000000000566e-01 9.812426605006317359e+00
3.980400000000000604e-01 9.812528244198746918e+00
3.998200000000000087e-01 9.812630374706891700e+00
4.016000000000000125e-01 9.812732998041806098e+00
4.033800000000000163e-01 9.812836115736011777e+00
4.051600000000000201e-01 9.812939729343570505e+00
4.069400000000000239e-01 9.813043840440139221e+00
4.087200000000000277e-01 9.813148450623026875e+00
4.105000000000000315e-01 9.813253561511263712e+00
4.122800000000000353e-01 9.813359174745651003e+00
4.140600000000000391e-01 9.813465291988839212e+00
4.158400000000000429e-01 9.813571914925377726e+00
4.176200000000000467e-01 9.813679045261789469e+00
4.194000000000000505e-01 9.813786684726627740e+00
4.211800000000000543e-01 9.813894835070554379e+00
4.229600000000000581e-01 9.814003498066389497e+00
4.247400000000000619e-01 9.814112675509196748e+00
4.265200000000000102e-01 9.814222369216345498e+00
4.283000000000000140e-01 9.814332581027572999e+00
4.300800000000000178e-01 9.814443312805069652e+00
4.318600000000000216e-01 9.814554566433542959e+00
4.336400000000000254e-01 9.814666343820288574e+00
4.354200000000000292e-01 9.814778646895264913e+00
4.372000000000000330e-01 9.814891477611174864e+00
4.389800000000000368e-01 9.815004837423852990e+00
4.407600000000000406e-01 9.815118729370889028e+00
4.425400000000000444e-01 9.815233154954153605e+00
4.443200000000000482e-01 9.815348116218062913e+00
4.461000000000000520e-01 9.815463615230171968e+00
4.478800000000000558e-01 9.815579654081236782e+00
4.496600000000000597e-01 9.815696234885304960e+00
4.514400000000000635e-01 9.815813359779797409e+00
4.532200000000000117e-01 9.815931030925595380e+00
4.550000000000000155e-01 9.816049250507122181e+00
4.567800000000000193e-01 9.816168020988003562e+00
4.585600000000000231e-01 9.816287344088960864e+00
4.603400000000000269e-01 9.816407222321043236e+00
4.621200000000000307e-01 9.816527657963721509e+00
4.639000000000000346e-01 9.816648653320450890e+00
4.656800000000000384e-01 9.816770210718770429e+00
4.674600000000000422e-01 9.816892332510388286e+00
4.692400000000000460e-01 9.817015021071282987e+00
4.710200000000000498e-01 9.817138278743501090e+00
4.728000000000000536e-01 9.817262108068407045e+00
4.745800000000000574e-01 9.817386511334202481e+00
4.763600000000000612e-01 9.817511491220647812e+00
4.781400000000000650e-01 9.817637050123687814e+00
4.799200000000000133e-01 9.817763190566969556e+00
4.817000000000000171e-01 9.817889915099112130e+00
4.834800000000000209e-01 9.818017226293811461e+00
4.852600000000000247e-01 9.818145126749939777e+00
4.870400000000000285e-01 9.818273619091661075e+00
4.888200000000000323e-01 9.818402705968537703e+00
4.906000000000000361e-01 9.818532390055645820e+00
4.923800000000000399e-01 9.818662674053676653e+00
4.941600000000000437e-01 9.818793560689066169e+00
4.959400000000000475e-01 9.818925052714359225e+00
4.977200000000000513e-01 9.819057152907285868e+00
4.995000000000000551e-01 9.819189864072354723e+00
5.012800000000000589e-01 9.819323189040300548e+00
5.030600000000000627e-01 9.819457130667899492e+00
5.048400000000000665e-01 9.819591691838482461e+00
5.066199999999999593e-01 9.819726875461920912e+00
5.083999999999999631e-01 9.819862684474854220e+00
5.101800000000000779e-01 9.819999121840821132e+00
5.119600000000000817e-01 9.820136190549920485e+00
5.137400000000000855e-01 9.820273893337519766e+00
5.155200000000000893e-01 9.820412233812518821e+00
5.173000000000000931e-01 9.820551214764913439e+00
5.190800000000000969e-01 9.820690839293988006e+00
5.208599999999999897e-01 9.820831110527239005e+00
5.226399999999999935e-01 9.820972031619348286e+00
5.244199999999999973e-01 9.821113605752918474e+00
5.262000000000000011e-01 9.821255836138730544e+00
5.279800000000000049e-01 9.821398726015640790e+00
5.297600000000000087e-01 9.821542278650802871e+00
5.315400000000000125e-01 9.821686497339777944e+00
5.333200000000000163e-01 9.821831385406690984e+00
5.351000000000000201e-01 9.821976946204344472e+00
5.368800000000000239e-01 9.822123183114365830e+00
5.386600000000000277e-01 9.822270099547340649e+00
5.404400000000000315e-01 9.822417698942924602e+00
5.422200000000000353e-01 9.822565984770005088e+00
5.440000000000000391e-01 9.822714960526797157e+00
5.457800000000000429e-01 9.822864629740983844e+00
5.475600000000000467e-01 9.823014995969824525e+00
5.493400000000000505e-01 9.823166062800275711e+00
5.511200000000000543e-01 9.823317833849090519e+00
5.529000000000000581e-01 9.823470312762932366e+00
5.546800000000000619e-01 9.823623503218456676e+00
5.564600000000000657e-01 9.823777408922396148e+00
5.582400000000000695e-01 9.823932033611640691e+00
5.600200000000000733e-01 9.824087381053281831e+00
5.618000000000000771e-01 9.824243455044673112e+00
5.635800000000000809e-01 9.824400259413444303e+00
5.653600000000000847e-01 9.824557798017512056e+00
5.671400000000000885e-01 9.824716074745063921e+00
5.689200000000000923e-01 9.824875093514512159e+00
5.707000000000000961e-01 9.825034858274412031e+00
5.724800000000000999e-01 9.825195373003358768e+00
5.742599999999999927e-01 9.825356641709818817e+00
5.760399999999999965e-01 9.825518668431934444e+00
5.778200000000000003e-01 9.825681457237255501e+00
5.796000000000000041e-01 9.825845012222409025e+00
5.813800000000000079e-01 9.826009337512690678e+00
5.831600000000000117e-01 9.826174437261574468e+00
5.849400000000000155e-01 9.826340315650094581e+00
5.867200000000000193e-01 9.826506976480018807e+00
5.885000000000000231e-01 9.826674424796665974e+00
5.902800000000000269e-01 9.826842664453410592e+00
5.920600000000000307e-01 9.827011699732699057e+00
5.938400000000000345e-01 9.827181534939175123e+00
5.956200000000000383e-01 9.827352174397924855e+00
5.974000000000000421e-01 9.827523622452389418e+00
5.991800000000000459e-01 9.827695883461879944e+00
6.009600000000000497e-01 9.827868961844099971e+00
6.027400000000000535e-01 9.828042861955974985e+00
6.045200000000000573e-01 9.828217588168762120e+00
6.063000000000000611e-01 9.828393144869499665e+00
6.080800000000000649e-01 9.828569536439445642e+00
6.098600000000000687e-01 9.828746767246913763e+00
6.116400000000000725e-01 9.828924841638636778e+00
6.134200000000000763e-01 9.829101563045245626e+00
6.152000000000000801e-01 9.829281399577460832e+00
6.169800000000000839e-01 9.829462099498854855e+00
6.187600000000000877e-01 9.829643667847026478e+00
6.205400000000000915e-01 9.829826109704098869e+00
6.223200000000000953e-01 9.830009430197224063e+00
6.241000000000000991e-01 9.830193634499108768e+00
6.258800000000001029e-01 9.830378727828547269e+00
6.276599999999999957e-01 9.830564715450945457e+00
6.294399999999999995e-01 9.830751602678887480e+00
6.312200000000000033e-01 9.830939394872819648e+00
6.330000000000000071e-01 9.831128097440981151e+00
6.347800000000000109e-01 9.831317715840905080e+00
6.365600000000000147e-01 9.831508255579326061e+00
6.383400000000000185e-01 9.831699722212873027e+00
6.401200000000000223e-01 9.831892121348582592e+00
6.419000000000000261e-01 9.832085458875770456e+00
6.436800000000000299e-01 9.832279740039325588e+00
6.454600000000000337e-01 9.832474970833125383e+00
6.472400000000000375e-01 9.832671157069917456e+00
6.490200000000000413e-01 9.832868304614560628e+00
6.508000000000000451e-01 9.833066419383929002e+00
6.525800000000000489e-01 9.833265507346590439e+00
6.543600000000000527e-01 9.833465574521719432e+00
6.561400000000000565e-01 9.833666626979342240e+00
6.579200000000000603e-01 9.833868670837832227e+00
6.597000000000000641e-01 9.834071712264092824e+00
6.614800000000000679e-01 9.834275757551507624e+00
6.632600000000000717e-01 9.834480812861736254e+00
6.650400000000000755e-01 9.834686884537930496e+00
6.668200000000000793e-01 9.834893989967776307e+00
6.686000000000000831e-01 9.835102117621131512e+00
6.703800000000000869e-01 9.835311281713920550e+00
6.721600000000000907e-01 9.835521488969762416e+00
6.739400000000000945e-01 9.835732746188918796e+00
6.757200000000000983e-01 9.835945060208176827e+00
6.775000000000001021e-01 9.836158437877378091e+00
6.792800000000001059e-01 9.836372886083031730e+00
6.810599999999999987e-01 9.836588411791854725e+00
6.828400000000000025e-01 9.836805015125202445e+00
6.846200000000000063e-01 9.837022720147004406e+00
6.864000000000000101e-01 9.837241523757473516e+00
6.881800000000000139e-01 9.837461433347899131e+00
6.899600000000000177e-01 9.837682456186312763e+00
6.917400000000000215e-01 9.837904600264792521e+00
6.935200000000000253e-01 9.838127872999198331e+00
6.953000000000000291e-01 9.838352282090637502e+00
6.970800000000000329e-01 9.838577835315305720e+00
6.988600000000000367e-01 9.838804540528032661e+00
7.006400000000000405e-01 9.839032405665934178e+00
7.024200000000000443e-01 9.839261438751721656e+00
7.042000000000000481e-01 9.839491647896670301e+00
7.059800000000000519e-01 9.839723041303367168e+00
7.077600000000000557e-01 9.839955627268274441e+00
7.095400000000000595e-01 9.840189414184171923e+00
7.113200000000000633e-01 9.840424410542532030e+00
7.131000000000000671e-01 9.840660624935862799e+00
7.148800000000000709e-01 9.840898066060042026e+00
7.166600000000000747e-01 9.841136742374631652e+00
7.184400000000000786e-01 9.841376663471400832e+00
7.202200000000000824e-01 9.841617838030474630e+00
7.220000000000000862e-01 9.841860275184931339e+00
7.237800000000000900e-01 9.842103984354498181e+00
7.255600000000000938e-01 9.842348974564162134e+00
7.273400000000000976e-01 9.842595255471477955e+00
7.291200000000001014e-01 9.842842836687022867e+00
7.309000000000001052e-01 9.843091727947541614e+00
7.326800000000001090e-01 9.843341939078987579e+00
7.344600000000000017e-01 9.843593480088060232e+00
7.362400000000000055e-01 9.843846361208569817e+00
7.380200000000000093e-01 9.844100592641222391e+00
7.398000000000000131e-01 9.844356184798296994e+00
7.415800000000000169e-01 9.844613148236778244e+00
7.433600000000000207e-01 9.844871493661784712e+00
7.451400000000000245e-01 9.845131231930112747e+00
7.469200000000000284e-01 9.845392374054046769e+00
7.487000000000000322e-01 9.845658059836170040e+00
7.504800000000000360e-01 9.845922105626526033e+00
7.522600000000000398e-01 9.846187586056853291e+00
7.540400000000000436e-01 9.846454513047776302e+00
7.558200000000000474e-01 9.846722898668961221e+00
7.576000000000000512e-01 9.846992755146676046e+00
7.593800000000000550e-01 9.847264094871054141e+00
7.611600000000000588e-01 9.847536930403130384e+00
7.629400000000000626e-01 9.847811274481763633e+00
7.647200000000000664e-01 9.848087140030406417e+00
7.665000000000000702e-01 9.848364540163832004e+00
7.682800000000000740e-01 9.848643488194859685e+00
7.700600000000000778e-01 9.848923997641058747e+00
7.718400000000000816e-01 9.849206082231528825e+00
7.736200000000000854e-01 9.849489755913729994e+00
7.754000000000000892e-01 9.849775032860428325e+00
7.771800000000000930e-01 9.850061927476730261e+00
7.789600000000000968e-01 9.850350454407291068e+00
7.807400000000001006e-01 9.850640628543649413e+00
7.825200000000001044e-01 9.850932465031762675e+00
7.843000000000001082e-01 9.851225979279721656e+00
7.860800000000001120e-01 9.851521186965682020e+00
7.878600000000000048e-01 9.851818104046015989e+00
7.896400000000000086e-01 9.852116746763725175e+00
7.914200000000000124e-01 9.852417131657091431e+00
7.932000000000000162e-01 9.852719275568615487e+00
7.949800000000000200e-01 9.853023195654252220e+00
7.967600000000000238e-01 9.853328909392947921e+00
7.985400000000000276e-01 9.853636434596506177e+00
8.003200000000000314e-01 9.853945789419793044e+00
8.021000000000000352e-01 9.854256992371320578e+00
8.038800000000000390e-01 9.854570062324189195e+00
8.056600000000000428e-01 9.854885018527445695e+00
8.074400000000000466e-01 9.855201880617853405e+00
8.092200000000000504e-01 9.855520668632108183e+00
8.110000000000000542e-01 9.855841403019516278e+00
8.127800000000000580e-01 9.856164104655157132e+00
8.145600000000000618e-01 9.856488794853550672e+00
8.163400000000000656e-01 9.856815495382875270e+00
8.181200000000000694e-01 9.857144228479732817e+00
8.199000000000000732e-01 9.857475016864501782e+00
8.216800000000000770e-01 9.857807883757331524e+00
8.234600000000000808e-01 9.858142852894758335e+00
8.252400000000000846e-01 9.858479948547021365e+00
8.270200000000000884e-01 9.858819195536094426e+00
8.288000000000000922e-01 9.859160618954948774e+00
8.305800000000000960e-01 9.859504245385071641e+00
8.323600000000000998e-01 9.859850101120157362e+00
8.341400000000001036e-01 9.860198213385087840e+00
8.359200000000001074e-01 9.860548610058755159e+00
8.377000000000001112e-01 9.860901319697246592e+00
8.394800000000001150e-01 9.861256371558058120e+00
8.412600000000000078e-01 9.861613795625395085e+00
8.430400000000000116e-01 9.861973622636604375e+00
8.448200000000000154e-01 9.862335884109834083e+00
8.466000000000000192e-01 9.862700612372956144e+00
8.483800000000000230e-01 9.863067840593849667e+00
8.501600000000000268e-01 9.863437602812121341e+00
8.519400000000000306e-01 9.863809933972358834e+00
8.537200000000000344e-01 9.864184870107434833e+00
8.555000000000000382e-01 9.864562447781615617e+00
8.572800000000000420e-01 9.864942705019045022e+00
8.590600000000000458e-01 9.865325680751110937e+00
8.608400000000000496e-01 9.865707563067230623e+00
8.626200000000000534e-01 9.866096154628690940e+00
8.644000000000000572e-01 9.866487593966212444e+00
8.661800000000000610e-01 9.866881925130595477e+00
8.679600000000000648e-01 9.867279193613763155e+00
8.697400000000000686e-01 9.867679446141147892e+00
8.715200000000000724e-01 9.868082731116077255e+00
8.733000000000000762e-01 9.868489098286898908e+00
8.750800000000000800e-01 9.868898599061477483e+00
8.768600000000000838e-01 9.869311286521805116e+00
8.786400000000000876e-01 9.869727215504202178e+00
8.804200000000000914e-01 9.870146442684653465e+00
8.822000000000000952e-01 9.870569026669727464e+00
8.839800000000000990e-01 9.870995028093673795e+00
8.857600000000001028e-01 9.871424509720364782e+00
8.875400000000001066e-01 9.871857536551081225e+00
8.893200000000001104e-01 9.872294175959936524e+00
8.911000000000001142e-01 9.872734497801300080e+00
8.928800000000001180e-01 9.873178574552879283e+00
8.946600000000000108e-01 9.873626481461961646e+00
8.964400000000000146e-01 9.874078296702801794e+00
8.982200000000000184e-01 9.874534101546244003e+00
9.000000000000000222e-01 9.874993980542638994e+00
9.003999999999999782e-01 9.875097893688506545e+00
9.008000000000000451e-01 9.875202018028295115e+00
9.012000000000000011e-01 9.875306354595384306e+00
9.016000000000000680e-01 9.875410904433026715e+00
9.020000000000000240e-01 9.875515668594212926e+00
9.023999999999999799e-01 9.875620648141859803e+00
9.028000000000000469e-01 9.875725844148961485e+00
9.032000000000000028e-01 9.875831257698724386e+00
9.036000000000000698e-01 9.875936889711899980e+00
9.040000000000000258e-01 9.876042741638114464e+00
9.043999999999999817e-01 9.876148814419345001e+00
9.048000000000000487e-01 9.876255109181121483e+00
9.052000000000000046e-01 9.876361627059928594e+00
9.056000000000000716e-01 9.876468369203371012e+00
9.060000000000000275e-01 9.876575336770336833e+00
9.063999999999999835e-01 9.876682530931148563e+00
9.068000000000000504e-01 9.876789952867746081e+00
9.072000000000000064e-01 9.876897603773846512e+00
9.076000000000000734e-01 9.877005484855118311e+00
9.080000000000000293e-01 9.877113597329366002e+00
9.083999999999999853e-01 9.877221942426709589e+00
9.088000000000000522e-01 9.877330521389765750e+00
9.092000000000000082e-01 9.877439335473820137e+00
9.095999999999999641e-01 9.877548385947058307e+00
9.100000000000000311e-01 9.877657674090624340e+00
9.103999999999999870e-01 9.877767201199251446e+00
9.108000000000000540e-01 9.877876968580832084e+00
9.112000000000000099e-01 9.877986977557050352e+00
9.115999999999999659e-01 9.878097229463493889e+00
9.120000000000000329e-01 9.878207725649859938e+00
9.123999999999999888e-01 9.878318467480211140e+00
9.128000000000000558e-01 9.878429456333092773e+00
9.132000000000000117e-01 9.878540693601925327e+00
9.135999999999999677e-01 9.878652180695135954e+00
9.140000000000000346e-01 9.878763919036412489e+00
9.143999999999999906e-01 9.878875910064975230e+00
9.148000000000000576e-01 9.878988155235800761e+00
9.152000000000000135e-01 9.879100656019904392e+00
9.155999999999999694e-01 9.879213413904585295e+00
9.160000000000000364e-01 9.879326430393698288e+00
9.163999999999999924e-01 9.879439707007938054e+00
9.168000000000000593e-01 9.879553245285107366e+00
9.172000000000000153e-01 9.879667046780411965e+00
9.175999999999999712e-01 9.879781113066753662e+00
9.180000000000000382e-01 9.879895445735030535e+00
9.183999999999999941e-01 9.880010046394435363e+00
9.188000000000000611e-01 9.880124916672786028e+00
9.192000000000000171e-01 9.880240058216831045e+00
9.195999999999999730e-01 9.880355472692588847e+00
9.200000000000000400e-01 9.880471161782599765e+00
9.203999999999999959e-01 9.880587127185114227e+00
9.208000000000000629e-01 9.880703370634581262e+00
9.212000000000000188e-01 9.880819893877376359e+00
9.215999999999999748e-01 9.880936698680891084e+00
9.220000000000000417e-01 9.881053786833930985e+00
9.223999999999999977e-01 9.881171160147074417e+00
9.228000000000000647e-01 9.881288820453088206e+00
9.232000000000000206e-01 9.881406769607334439e+00
9.235999999999999766e-01 9.881525009488180800e+00
9.240000000000000435e-01 9.881643541997426894e+00
9.243999999999999995e-01 9.881762369060741236e+00
9.248000000000000664e-01 9.881881492628115993e+00
9.252000000000000224e-01 9.882000914674312853e+00
9.255999999999999783e-01 9.882120637199346191e+00
9.260000000000000453e-01 9.882240662228953809e+00
9.264000000000000012e-01 9.882360991815103191e+00
9.268000000000000682e-01 9.882481628036488885e+00
9.272000000000000242e-01 9.882602572999056534e+00
9.275999999999999801e-01 9.882723828836535773e+00
9.280000000000000471e-01 9.882845397710992685e+00
9.284000000000000030e-01 9.882967281813380467e+00
9.288000000000000700e-01 9.883094619326540098e+00
9.292000000000000259e-01 9.883217150270430906e+00
9.295999999999999819e-01 9.883340002993470819e+00
9.300000000000000488e-01 9.883463179806739163e+00
9.304000000000000048e-01 9.883586683053234623e+00
9.308000000000000718e-01 9.883710515108585781e+00
9.312000000000000277e-01 9.883834719389897217e+00
9.315999999999999837e-01 9.883959218629479793e+00
9.320000000000000506e-01 9.884084054061272440e+00
9.324000000000000066e-01 9.884209228199001274e+00
9.328000000000000735e-01 9.884334743592569694e+00
9.332000000000000295e-01 9.884460602828823994e+00
9.335999999999999854e-01 9.884586808532359825e+00
9.340000000000000524e-01 9.884713363366333994e+00
9.344000000000000083e-01 9.884840270033317111e+00
9.347999999999999643e-01 9.884967531276155128e+00
9.352000000000000313e-01 9.885095149878864618e+00
9.355999999999999872e-01 9.885223128667554704e+00
9.360000000000000542e-01 9.885351470511366756e+00
9.364000000000000101e-01 9.885480178291201625e+00
9.367999999999999661e-01 9.885609255029708109e+00
9.372000000000000330e-01 9.885738703698876861e+00
9.375999999999999890e-01 9.885868527350032409e+00
9.380000000000000560e-01 9.885998729082713155e+00
9.384000000000000119e-01 9.886129312045792261e+00
9.387999999999999678e-01 9.886260279438648269e+00
9.392000000000000348e-01 9.886391634455129918e+00
9.395999999999999908e-01 9.886523380513676074e+00
9.400000000000000577e-01 9.886655520915349271e+00
9.404000000000000137e-01 9.886788059073930768e+00
9.407999999999999696e-01 9.886920998460096754e+00
9.412000000000000366e-01 9.887054342602823453e+00
9.415999999999999925e-01 9.887188095090829520e+00
9.420000000000000595e-01 9.887322259574080618e+00
9.424000000000000155e-01 9.887456839765318861e+00
9.427999999999999714e-01 9.887591839441668640e+00
9.432000000000000384e-01 9.887727262446277976e+00
9.435999999999999943e-01 9.887863112690022049e+00
9.440000000000000613e-01 9.887999394153258237e+00
9.444000000000000172e-01 9.888136110887650432e+00
9.447999999999999732e-01 9.888273267018035995e+00
9.452000000000000401e-01 9.888410866744392180e+00
9.455999999999999961e-01 9.888548914343822105e+00
9.460000000000000631e-01 9.888687414172650847e+00
9.464000000000000190e-01 9.888826370668580168e+00
9.467999999999999750e-01 9.888965788352907182e+00
9.472000000000000419e-01 9.889105671832844280e+00
9.475999999999999979e-01 9.889246025803904772e+00
9.479999999999999538e-01 9.889386855052384462e+00
9.484000000000000208e-01 9.889528164457921378e+00
9.487999999999999767e-01 9.889669958996165633e+00
9.492000000000000437e-01 9.889812243741532782e+00
9.495999999999999996e-01 9.889955023870070860e+00
9.499999999999999556e-01 9.890098304662425122e+00
9.504000000000000226e-01 9.890242091506916466e+00
9.507999999999999785e-01 9.890386389902744213e+00
9.512000000000000455e-01 9.890531205463299003e+00
9.516000000000000014e-01 9.890676543919619590e+00
9.519999999999999574e-01 9.890822411123963320e+00
9.524000000000000243e-01 9.890968813053657271e+00
9.527999999999999803e-01 9.891115755814478661e+00
9.532000000000000473e-01 9.891263245645401270e+00
9.536000000000000032e-01 9.891411288922297373e+00
9.539999999999999591e-01 9.891559892162414158e+00
9.544000000000000261e-01 9.891709062028890997e+00
9.547999999999999821e-01 9.891858805335438376e+00
9.552000000000000490e-01 9.892009129051448468e+00
9.556000000000000050e-01 9.892160040306794855e+00
9.559999999999999609e-01 9.892311546397378308e+00
9.564000000000000279e-01 9.892463654790626393e+00
9.567999999999999838e-01 9.892616373131295049e+00
9.572000000000000508e-01 9.892769709247501098e+00
9.576000000000000068e-01 9.892923671157038967e+00
9.579999999999999627e-01 9.893078267073962095e+00
9.584000000000000297e-01 9.893233505415462758e+00
9.587999999999999856e-01 9.893389394809032567e+00
9.592000000000000526e-01 9.893545944100024414e+00
9.596000000000000085e-01 9.893703162359422265e+00
9.599999999999999645e-01 9.893861058892108318e+00
9.604000000000000314e-01 9.894019643245425044e+00
9.607999999999999874e-01 9.894178925218163556e+00
9.612000000000000544e-01 9.894338914870049351e+00
9.616000000000000103e-01 9.894499622531329308e+00
9.619999999999999662e-01 9.894661058813499110e+00
9.624000000000000332e-01 9.894823234619879671e+00
9.627999999999999892e-01 9.894986160992248259e+00
9.632000000000000561e-01 9.895149849781725848e+00
9.636000000000000121e-01 9.895314312673148649e+00
9.639999999999999680e-01 9.895479561856783235e+00
9.644000000000000350e-01 9.895645609877552928e+00
9.647999999999999909e-01 9.895812469649561294e+00
9.652000000000000579e-01 9.895980154471372359e+00
9.656000000000000139e-01 9.896148678042097302e+00
9.659999999999999698e-01 9.896318054478220105e+00
9.664000000000000368e-01 9.896488298331833633e+00
9.667999999999999927e-01 9.896659424608854394e+00
9.672000000000000597e-01 9.896831448789244590e+00
9.676000000000000156e-01 9.897004386847832791e+00
9.679999999999999716e-01 9.897178255276440240e+00
9.684000000000000385e-01 9.897353071107115596e+00
9.687999999999999945e-01 9.897528851936964855e+00
9.692000000000000615e-01 9.897705615954139446e+00
9.696000000000000174e-01 9.897883381965476346e+00
9.699999999999999734e-01 9.898062169425763557e+00
9.704000000000000403e-01 9.898241998468717995e+00
9.707999999999999963e-01 9.898422889939867630e+00
9.712000000000000632e-01 9.898604865431424926e+00
9.716000000000000192e-01 9.898787947319322100e+00
9.719999999999999751e-01 9.898972158802575194e+00
9.724000000000000421e-01 9.899157523945127934e+00
9.727999999999999980e-01 9.899344067720402762e+00
9.732000000000000650e-01 9.899531816058731337e+00
9.736000000000000210e-01 9.899720795897916759e+00
9.739999999999999769e-01 9.899911035237167312e+00
9.744000000000000439e-01 9.900102563194682403e+00
9.747999999999999998e-01 9.900295410069174906e+00
9.752000000000000668e-01 9.900489607405669190e+00
9.756000000000000227e-01 9.900685188065933673e+00
9.759999999999999787e-01 9.900882186303940458e+00
9.764000000000000457e-01 9.901080637846778387e+00
9.768000000000000016e-01 9.901280579981536434e+00
9.771999999999999575e-01 9.901482051648619276e+00
9.776000000000000245e-01 9.901685093542150540e+00
9.779999999999999805e-01 9.901889748218085430e+00
9.784000000000000474e-01 9.902096060210720196e+00
9.788000000000000034e-01 9.902304076158449320e+00
9.791999999999999593e-01 9.902513844939626608e+00
9.796000000000000263e-01 9.902725417819521425e+00
9.799999999999999822e-01 9.902938848609482037e+00
9.804000000000000492e-01 9.903154193839528219e+00
9.808000000000000052e-01 9.903371512945758681e+00
9.811999999999999611e-01 9.903590868474122288e+00
9.816000000000000281e-01 9.903812326302306346e+00
9.819999999999999840e-01 9.904035955881665743e+00
9.824000000000000510e-01 9.904261830501438268e+00
9.828000000000000069e-01 9.904490027577748990e+00
9.831999999999999629e-01 9.904720628970204999e+00
9.836000000000000298e-01 9.904953721329334826e+00
9.839999999999999858e-01 9.905189396478530028e+00
9.843999999999999417e-01 9.905427751834654515e+00
9.848000000000000087e-01 9.905668890872135535e+00
9.851999999999999647e-01 9.905912923636027045e+00
9.856000000000000316e-01 9.906159967310335546e+00
9.859999999999999876e-01 9.906410146848935838e+00
9.863999999999999435e-01 9.906663595677496659e+00
9.868000000000000105e-01 9.906920456476195014e+00
9.871999999999999664e-01 9.907180882054648308e+00
9.876000000000000334e-01 9.907445036332342525e+00
9.879999999999999893e-01 9.907713095440215056e+00
9.883999999999999453e-01 9.907985248961722391e+00
9.888000000000000123e-01 9.908261701335119298e+00
9.891999999999999682e-01 9.908542673442658710e+00
9.896000000000000352e-01 9.908828404417381108e+00
9.899999999999999911e-01 9.909119153704114780e+00
9.903999999999999471e-01 9.909415203418728169e+00
9.908000000000000140e-01 9.909716861058820214e+00
9.911999999999999700e-01 9.910024462630328657e+00
9.916000000000000369e-01 9.910338376268843064e+00
9.919999999999999929e-01 9.910659006452107178e+00
9.923999999999999488e-01 9.910986798923071106e+00
9.928000000000000158e-01 9.911322246471494068e+00
9.931999999999999718e-01 9.911665895759520950e+00
9.936000000000000387e-01 9.912018355424809357e+00
9.939999999999999947e-01 9.912380305758324184e+00
9.943999999999999506e-01 9.912752510338494361e+00
9.948000000000000176e-01 9.913135830118623204e+00
9.951999999999999735e-01 9.913530799021247120e+00
9.956000000000000405e-01 9.913939527193990742e+00
9.959999999999999964e-01 9.914362728065174934e+00
9.963999999999999524e-01 9.914801865687797644e+00
9.968000000000000194e-01 9.915260695047461326e+00
9.971999999999999753e-01 9.915737083918184425e+00
9.976000000000000423e-01 9.916235834538486671e+00
9.979999999999999982e-01 9.916759374109798131e+00
9.983999999999999542e-01 9.917311122655949163e+00
9.988000000000000211e-01 9.917897482761542705e+00
9.991999999999999771e-01 9.918519199563288424e+00
9.996000000000000441e-01 9.919185885809355341e+00
1.000000000000000000e+00 9.919906796066410237e+00
