0.000000000000000000e+00 9.468011113851259708e+00
4.000000000000000327e-05 9.468005381929899045e+00
8.000000000000000654e-05 9.468004575618905960e+00
1.200000000000000166e-04 9.468004205687575947e+00
1.600000000000000131e-04 9.468003889643275883e+00
2.000000000000000096e-04 9.468003640341054350e+00
2.400000000000000332e-04 9.468003445483930136e+00
2.800000000000000297e-04 9.468003278072833595e+00
3.200000000000000262e-04 9.468003062688033822e+00
3.600000000000000227e-04 9.468002864998675605e+00
4.000000000000000192e-04 9.468002698536064798e+00
4.400000000000000157e-04 9.468002510448553011e+00
4.800000000000000664e-04 9.468002331415510398e+00
5.200000000000000629e-04 9.468002143328350328e+00
5.600000000000000594e-04 9.468001978218243408e+00
6.000000000000000559e-04 9.468001813456387694e+00
6.400000000000000524e-04 9.468001617458416064e+00
6.800000000000000488e-04 9.468001459163239986e+00
7.200000000000000453e-04 9.468001295388972949e+00
7.600000000000000418e-04 9.468001115368698706e+00
8.000000000000000383e-04 9.468000952244008062e+00
8.400000000000000348e-04 9.468000789464603884e+00
8.800000000000000313e-04 9.468000627015642934e+00
9.200000000000000278e-04 9.468000441880679574e+00
9.600000000000001327e-04 9.468000291390518797e+00
1.000000000000000021e-03 9.468000122860706469e+00
1.040000000000000126e-03 9.467999961732232350e+00
1.080000000000000014e-03 9.467999800945687383e+00
1.120000000000000119e-03 9.467999628348152896e+00
1.160000000000000007e-03 9.467999468197701773e+00
1.200000000000000112e-03 9.467999308386234603e+00
1.240000000000000000e-03 9.467999148904446827e+00
1.280000000000000105e-03 9.467998989752501870e+00
1.320000000000000210e-03 9.467998830930516974e+00
1.360000000000000098e-03 9.467998655659910057e+00
1.400000000000000203e-03 9.467998505732170500e+00
1.440000000000000091e-03 9.467998347900273615e+00
1.480000000000000196e-03 9.467998185241569331e+00
1.520000000000000084e-03 9.467998028069590788e+00
1.560000000000000189e-03 9.467997871227463946e+00
1.600000000000000077e-03 9.467997714722466540e+00
1.640000000000000182e-03 9.467997549685149394e+00
1.680000000000000070e-03 9.467997393825545061e+00
1.720000000000000175e-03 9.467997238301720131e+00
1.760000000000000063e-03 9.467997083107148271e+00
1.800000000000000168e-03 9.467996928241680266e+00
1.840000000000000056e-03 9.467996773705644742e+00
1.880000000000000161e-03 9.467996619499302824e+00
1.920000000000000265e-03 9.467996465622379176e+00
1.960000000000000370e-03 9.467996312074690834e+00
2.000000000000000042e-03 9.467996146626445508e+00
2.040000000000000147e-03 9.467995993736844085e+00
2.080000000000000251e-03 9.467995847176080559e+00
2.120000000000000356e-03 9.467995694944336904e+00
2.160000000000000028e-03 9.467995541690255479e+00
2.200000000000000133e-03 9.467995387707842880e+00
2.240000000000000237e-03 9.467995236462668274e+00
2.280000000000000342e-03 9.467995085546331069e+00
2.320000000000000014e-03 9.467994934964094611e+00
2.360000000000000119e-03 9.467994784704853117e+00
2.400000000000000223e-03 9.467994628312542460e+00
2.440000000000000328e-03 9.467994478711476702e+00
2.480000000000000000e-03 9.467994329434956668e+00
2.520000000000000104e-03 9.467994180491475120e+00
2.560000000000000209e-03 9.467994031876761696e+00
2.600000000000000314e-03 9.467993883590798632e+00
2.640000000000000419e-03 9.467993735633561059e+00
2.680000000000000090e-03 9.467993588005025885e+00
2.720000000000000195e-03 9.467993440705162911e+00
2.760000000000000300e-03 9.467993293733940163e+00
2.800000000000000405e-03 9.467993147091322115e+00
2.840000000000000076e-03 9.467993000777273238e+00
2.880000000000000181e-03 9.467992854791749124e+00
2.920000000000000286e-03 9.467992700221971702e+00
2.960000000000000391e-03 9.467992554893356782e+00
3.000000000000000062e-03 9.467992409893133399e+00
3.040000000000000167e-03 9.467992269592775401e+00
3.080000000000000272e-03 9.467992125249192981e+00
3.120000000000000377e-03 9.467991981233851106e+00
3.160000000000000048e-03 9.467991836562891450e+00
3.200000000000000153e-03 9.467991691447247504e+00
3.240000000000000258e-03 9.467991548416303971e+00
3.280000000000000363e-03 9.467991405713387820e+00
3.320000000000000468e-03 9.467991263338440433e+00
3.360000000000000139e-03 9.467991121291412071e+00
3.400000000000000244e-03 9.467990979575599653e+00
3.440000000000000349e-03 9.467990838184274338e+00
3.480000000000000454e-03 9.467990697120606924e+00
3.520000000000000125e-03 9.467990551670650845e+00
3.560000000000000230e-03 9.467990411263272676e+00
3.600000000000000335e-03 9.467990271179852257e+00
3.640000000000000440e-03 9.467990131429141698e+00
3.680000000000000111e-03 9.467989992005099609e+00
3.720000000000000216e-03 9.467989852908717197e+00
3.760000000000000321e-03 9.467989714139942947e+00
3.800000000000000426e-03 9.467989575698728899e+00
3.840000000000000531e-03 9.467989437585032420e+00
3.880000000000000202e-03 9.467989299798812652e+00
3.920000000000000741e-03 9.467989162340028741e+00
3.959999999999999978e-03 9.467989025208645160e+00
4.000000000000000083e-03 9.467988888404628156e+00
4.040000000000000188e-03 9.467988751927940427e+00
4.080000000000000293e-03 9.467988615778553552e+00
4.120000000000000398e-03 9.467988479956433778e+00
4.160000000000000503e-03 9.467988344461550909e+00
4.200000000000000608e-03 9.467988209293872970e+00
4.240000000000000713e-03 9.467988074453371539e+00
4.279999999999999950e-03 9.467987933445289883e+00
4.320000000000000055e-03 9.467987799259043769e+00
4.360000000000000160e-03 9.467987665399881791e+00
4.400000000000000265e-03 9.467987531867777307e+00
4.440000000000000370e-03 9.467987398662703669e+00
4.480000000000000475e-03 9.467987268969531911e+00
4.520000000000000580e-03 9.467987136418425820e+00
4.560000000000000685e-03 9.467987004194254652e+00
4.600000000000000790e-03 9.467986872296989986e+00
4.640000000000000027e-03 9.467986740726599848e+00
4.680000000000000132e-03 9.467986608763538925e+00
4.720000000000000237e-03 9.467986476569098642e+00
4.760000000000000342e-03 9.467986345979140239e+00
4.800000000000000447e-03 9.467986215715930243e+00
4.840000000000000552e-03 9.467986085779434902e+00
4.880000000000000657e-03 9.467985956169620465e+00
4.920000000000000762e-03 9.467985826886453182e+00
4.959999999999999999e-03 9.467985697929901079e+00
5.000000000000000104e-03 9.467985569302030058e+00
5.040000000000000209e-03 9.467985440998603508e+00
5.080000000000000314e-03 9.467985313021445748e+00
5.120000000000000419e-03 9.467985185371006196e+00
5.160000000000000524e-03 9.467985058047009517e+00
5.200000000000000629e-03 9.467984927610910262e+00
5.240000000000000734e-03 9.467984800939683865e+00
5.280000000000000838e-03 9.467984674594791983e+00
5.320000000000000076e-03 9.467984548574323256e+00
5.360000000000000181e-03 9.467984422881992046e+00
5.400000000000000286e-03 9.467984297515885217e+00
5.440000000000000391e-03 9.467984172475969018e+00
5.480000000000000496e-03 9.467984047762202593e+00
5.520000000000000601e-03 9.467983923374555744e+00
5.560000000000000706e-03 9.467983799312984061e+00
5.600000000000000810e-03 9.467983675577457348e+00
5.640000000000000048e-03 9.467983552167934747e+00
5.680000000000000153e-03 9.467983429084378955e+00
5.720000000000000258e-03 9.467983306326756221e+00
5.760000000000000363e-03 9.467983183895023913e+00
5.800000000000000468e-03 9.467983061789150057e+00
5.840000000000000573e-03 9.467982940009093795e+00
5.880000000000000678e-03 9.467982818554821378e+00
5.920000000000000782e-03 9.467982697426291949e+00
5.960000000000000887e-03 9.467982576623464652e+00
6.000000000000000125e-03 9.467982456146311065e+00
6.040000000000000230e-03 9.467982335994788556e+00
6.080000000000000335e-03 9.467982216168859821e+00
6.120000000000000440e-03 9.467982096668489334e+00
6.160000000000000545e-03 9.467981977493636236e+00
6.200000000000000649e-03 9.467981858644266779e+00
6.240000000000000754e-03 9.467981740120338330e+00
6.280000000000000859e-03 9.467981621921820690e+00
6.320000000000000097e-03 9.467981499316350025e+00
6.360000000000000202e-03 9.467981381768526106e+00
6.400000000000000307e-03 9.467981264545995757e+00
6.440000000000000412e-03 9.467981147648723450e+00
6.480000000000000517e-03 9.467981031076682541e+00
6.520000000000000621e-03 9.467980914829903227e+00
6.560000000000000726e-03 9.467980798908355311e+00
6.600000000000000831e-03 9.467980685632284121e+00
6.640000000000000936e-03 9.467980570361076431e+00
6.680000000000000174e-03 9.467980455414970464e+00
6.720000000000000279e-03 9.467980340793928917e+00
6.760000000000000384e-03 9.467980226497909158e+00
6.800000000000000488e-03 9.467980112526872105e+00
6.840000000000000593e-03 9.467979998357080262e+00
6.880000000000000698e-03 9.467979885034829124e+00
6.920000000000000803e-03 9.467979771107858156e+00
6.960000000000000908e-03 9.467979658436361134e+00
7.000000000000000146e-03 9.467979546089651421e+00
7.040000000000000251e-03 9.467979434067697042e+00
7.080000000000000356e-03 9.467979322370458917e+00
7.120000000000000460e-03 9.467979210997901518e+00
7.160000000000000565e-03 9.467979099949985766e+00
7.200000000000000670e-03 9.467978989226679687e+00
7.240000000000000775e-03 9.467978878827942424e+00
7.280000000000000880e-03 9.467978768753745555e+00
7.320000000000000985e-03 9.467978659006226039e+00
7.360000000000000223e-03 9.467978549580129410e+00
7.400000000000000328e-03 9.467978440479329905e+00
7.440000000000000432e-03 9.467978331702925132e+00
7.480000000000000537e-03 9.467978223250881342e+00
7.520000000000000642e-03 9.467978115123003136e+00
7.560000000000000747e-03 9.467978007319580058e+00
7.600000000000000852e-03 9.467977899841574896e+00
7.640000000000000957e-03 9.467977790178322195e+00
7.680000000000001062e-03 9.467977683347569950e+00
7.720000000000000299e-03 9.467977576840970855e+00
7.760000000000000404e-03 9.467977470658491157e+00
7.800000000000000509e-03 9.467977364798423778e+00
7.840000000000001482e-03 9.467977259264529266e+00
7.879999999999999852e-03 9.467977154054210587e+00
7.919999999999999957e-03 9.467977049167878079e+00
7.960000000000000062e-03 9.467976944605496215e+00
8.000000000000000167e-03 9.467976840367033020e+00
8.040000000000000271e-03 9.467976736452452968e+00
8.080000000000000376e-03 9.467976632861722308e+00
8.120000000000000481e-03 9.467976529594805513e+00
8.160000000000000586e-03 9.467976426651670607e+00
8.200000000000000691e-03 9.467976324032285618e+00
8.240000000000000796e-03 9.467976221736611464e+00
8.280000000000000901e-03 9.467976119764619725e+00
8.320000000000001006e-03 9.467976018116273096e+00
8.360000000000001111e-03 9.467975916791537827e+00
8.400000000000001216e-03 9.467975815790381944e+00
8.440000000000001321e-03 9.467975715112769919e+00
8.480000000000001426e-03 9.467975614758668002e+00
8.520000000000001530e-03 9.467975514728042441e+00
8.559999999999999901e-03 9.467975415020859487e+00
8.600000000000000006e-03 9.467975315637083611e+00
8.640000000000000110e-03 9.467975216576682840e+00
8.680000000000000215e-03 9.467975117839621646e+00
8.720000000000000320e-03 9.467975019425868055e+00
8.760000000000000425e-03 9.467974921335386540e+00
8.800000000000000530e-03 9.467974823568141574e+00
8.840000000000000635e-03 9.467974726124101181e+00
8.880000000000000740e-03 9.467974629003229836e+00
8.920000000000000845e-03 9.467974532205495564e+00
8.960000000000000950e-03 9.467974435730862837e+00
9.000000000000001055e-03 9.467974339579297904e+00
9.040000000000001160e-03 9.467974243750765240e+00
9.080000000000001265e-03 9.467974148245232868e+00
9.120000000000001369e-03 9.467974053062665263e+00
9.160000000000001474e-03 9.467973958203026896e+00
9.200000000000001579e-03 9.467973863666287571e+00
9.239999999999999949e-03 9.467973769452408206e+00
9.280000000000000054e-03 9.467973675561358604e+00
9.320000000000000159e-03 9.467973578545155533e+00
9.360000000000000264e-03 9.467973485299655323e+00
9.400000000000000369e-03 9.467973392376878294e+00
9.440000000000000474e-03 9.467973299776792473e+00
9.480000000000000579e-03 9.467973207499364108e+00
9.520000000000000684e-03 9.467973115544555895e+00
9.560000000000000789e-03 9.467973023912337638e+00
9.600000000000000894e-03 9.467972932602672032e+00
9.640000000000000999e-03 9.467972841615525326e+00
9.680000000000001104e-03 9.467972750950865546e+00
9.720000000000001208e-03 9.467972662298988595e+00
9.760000000000001313e-03 9.467972572279197863e+00
9.800000000000001418e-03 9.467972482581785698e+00
9.840000000000001523e-03 9.467972393206721904e+00
9.880000000000001628e-03 9.467972304153972729e+00
9.919999999999999998e-03 9.467972215423500870e+00
9.960000000000000103e-03 9.467972127015272577e+00
1.000000000000000021e-02 9.467972038929254097e+00
1.178000000000000054e-02 9.467968441869466290e+00
1.356000000000000087e-02 9.467965482661393040e+00
1.533999999999999947e-02 9.467963153374913787e+00
1.711999999999999980e-02 9.467961453825639140e+00
1.890000000000000013e-02 9.467960381701530537e+00
2.068000000000000047e-02 9.467959930938983248e+00
2.246000000000000080e-02 9.467960102653917076e+00
2.424000000000000113e-02 9.467960891495710740e+00
2.602000000000000146e-02 9.467962294006253998e+00
2.779999999999999832e-02 9.467964309328392503e+00
2.958000000000000212e-02 9.467966933719788258e+00
3.135999999999999899e-02 9.467970163757094326e+00
3.314000000000000279e-02 9.467973997672411102e+00
3.491999999999999965e-02 9.467978432914108566e+00
3.670000000000000345e-02 9.467983465696578449e+00
3.848000000000000032e-02 9.467989094793956895e+00
4.026000000000000412e-02 9.467995316881099299e+00
4.204000000000000098e-02 9.468002129366102082e+00
4.382000000000000478e-02 9.468009528710480183e+00
4.560000000000000164e-02 9.468017514315315353e+00
4.738000000000000544e-02 9.468026083169789331e+00
4.916000000000000231e-02 9.468035231529762896e+00
5.094000000000000611e-02 9.468044958000938038e+00
5.272000000000000297e-02 9.468055259840227222e+00
5.450000000000000677e-02 9.468066134112769205e+00
5.628000000000000363e-02 9.468077579455528081e+00
5.806000000000000744e-02 9.468089592981488778e+00
5.984000000000000430e-02 9.468102172343495937e+00
6.162000000000000810e-02 9.468115315218117445e+00
6.339999999999999802e-02 9.468129019305520089e+00
6.518000000000000183e-02 9.468143281621502538e+00
6.696000000000000563e-02 9.468158101328786103e+00
6.873999999999999555e-02 9.468173475836772823e+00
7.051999999999999935e-02 9.468189402166430568e+00
7.230000000000000315e-02 9.468205878499551531e+00
7.407999999999999308e-02 9.468222902875089275e+00
7.585999999999999688e-02 9.468240473016452441e+00
7.764000000000000068e-02 9.468258586808714128e+00
7.942000000000000448e-02 9.468277241783967568e+00
8.119999999999999440e-02 9.468296436624267898e+00
8.297999999999999821e-02 9.468316168906925512e+00
8.476000000000000201e-02 9.468336436607208029e+00
8.654000000000000581e-02 9.468357237722788255e+00
8.831999999999999573e-02 9.468378570273598527e+00
9.009999999999999953e-02 9.468400432302031433e+00
9.188000000000000334e-02 9.468422821872199080e+00
9.366000000000000714e-02 9.468445737070069868e+00
9.543999999999999706e-02 9.468469175487760126e+00
9.722000000000000086e-02 9.468493136286507905e+00
9.900000000000000466e-02 9.468517617102014228e+00
1.007799999999999946e-01 9.468542616360153374e+00
1.025599999999999984e-01 9.468568131750084049e+00
1.043400000000000022e-01 9.468594161683391519e+00
1.061200000000000060e-01 9.468620704411055300e+00
1.078999999999999959e-01 9.468647758337292331e+00
1.096799999999999997e-01 9.468675321640997566e+00
1.114600000000000035e-01 9.468703392623602610e+00
1.132400000000000073e-01 9.468731969607592447e+00
1.150199999999999972e-01 9.468761050936665313e+00
1.168000000000000010e-01 9.468790634701321096e+00
1.185800000000000048e-01 9.468820719835001398e+00
1.203600000000000086e-01 9.468851304470270236e+00
1.221399999999999986e-01 9.468882387034254222e+00
1.239200000000000024e-01 9.468913965974893543e+00
1.257000000000000062e-01 9.468946039760808731e+00
1.274800000000000100e-01 9.468978606881242044e+00
1.292600000000000138e-01 9.469011665846005954e+00
1.310400000000000176e-01 9.469045215185422748e+00
1.328200000000000214e-01 9.469079253450271239e+00
1.345999999999999974e-01 9.469113779211728144e+00
1.363800000000000290e-01 9.469148791061325454e+00
1.381600000000000050e-01 9.469184287610884709e+00
1.399400000000000088e-01 9.469220267492481469e+00
1.417200000000000126e-01 9.469256728982616167e+00
1.435000000000000164e-01 9.469293671505234045e+00
1.452800000000000202e-01 9.469331093377091335e+00
1.470600000000000240e-01 9.469368993310762761e+00
1.488400000000000278e-01 9.469407370222972631e+00
1.506200000000000316e-01 9.469446222497991172e+00
1.524000000000000077e-01 9.469485549092429011e+00
1.541800000000000115e-01 9.469525348756853589e+00
1.559600000000000153e-01 9.469565620313225907e+00
1.577400000000000191e-01 9.469606362699344970e+00
1.595200000000000229e-01 9.469647574693169645e+00
1.613000000000000267e-01 9.469689255166167996e+00
1.630800000000000305e-01 9.469731403009571835e+00
1.648600000000000065e-01 9.469774017133968158e+00
1.666400000000000103e-01 9.469817096469983042e+00
1.684200000000000141e-01 9.469860639967535576e+00
1.702000000000000179e-01 9.469904646596221554e+00
1.719800000000000217e-01 9.469949115145427143e+00
1.737600000000000255e-01 9.469994045022826157e+00
1.755400000000000293e-01 9.470039435056955668e+00
1.773200000000000331e-01 9.470085284295132411e+00
1.791000000000000092e-01 9.470131591804165083e+00
1.808800000000000130e-01 9.470178356670214015e+00
1.826600000000000168e-01 9.470225577998775179e+00
1.844400000000000206e-01 9.470273254914683747e+00
1.862200000000000244e-01 9.470321386562060795e+00
1.880000000000000282e-01 9.470369972104245804e+00
1.897800000000000320e-01 9.470419010723819753e+00
1.915600000000000080e-01 9.470468501622580249e+00
1.933400000000000118e-01 9.470518444021513105e+00
1.951200000000000156e-01 9.470568837160778131e+00
1.969000000000000195e-01 9.470619680299686038e+00
1.986800000000000233e-01 9.470670972716675351e+00
2.004600000000000271e-01 9.470722713709301743e+00
2.022400000000000309e-01 9.470774902594207845e+00
2.040200000000000347e-01 9.470827538707128568e+00
2.058000000000000107e-01 9.470880621402843147e+00
2.075800000000000145e-01 9.470934150055185796e+00
2.093600000000000183e-01 9.470988123783401491e+00
2.111400000000000221e-01 9.471042542546602050e+00
2.129200000000000259e-01 9.471097405502051814e+00
2.147000000000000297e-01 9.471152712099621951e+00
2.164800000000000335e-01 9.471208461808167556e+00
2.182600000000000096e-01 9.471264654249571535e+00
2.200400000000000134e-01 9.471321288662483795e+00
2.218200000000000172e-01 9.471378364706696473e+00
2.236000000000000210e-01 9.471435881926879574e+00
2.253800000000000248e-01 9.471493839886631960e+00
2.271600000000000286e-01 9.471552238138061242e+00
2.289400000000000324e-01 9.471611076289729425e+00
2.307200000000000362e-01 9.471670354039021689e+00
2.325000000000000122e-01 9.471730070971480231e+00
2.342800000000000160e-01 9.471790226745275376e+00
2.360600000000000198e-01 9.471850821037479662e+00
2.378400000000000236e-01 9.471911853544062510e+00
2.396200000000000274e-01 9.471973323979886672e+00
2.414000000000000312e-01 9.472035232078761524e+00
2.431800000000000350e-01 9.472097577593245887e+00
2.449600000000000111e-01 9.472160360294884285e+00
2.467400000000000149e-01 9.472223579974214047e+00
2.485200000000000187e-01 9.472287236440521951e+00
2.503000000000000225e-01 9.472351329522053831e+00
2.520800000000000263e-01 9.472415859065966615e+00
2.538600000000000301e-01 9.472480824793001020e+00
2.556400000000000339e-01 9.472546226878632680e+00
2.574200000000000377e-01 9.472612065081440491e+00
2.591999999999999860e-01 9.472678339324287933e+00
2.609800000000000453e-01 9.472745049548874974e+00
2.627600000000000491e-01 9.472812195715755834e+00
2.645400000000000529e-01 9.472879777804553925e+00
2.663200000000000012e-01 9.472947795813798422e+00
2.681000000000000050e-01 9.473016249760975782e+00
2.698800000000000088e-01 9.473085139682536848e+00
2.716600000000000126e-01 9.473154465633903953e+00
2.734400000000000164e-01 9.473224227689494015e+00
2.752200000000000202e-01 9.473294425942722086e+00
2.770000000000000240e-01 9.473365060506006685e+00
2.787800000000000278e-01 9.473436131510798219e+00
2.805600000000000316e-01 9.473507639107580758e+00
2.823400000000000354e-01 9.473579583465888021e+00
2.841200000000000392e-01 9.473651964774322920e+00
2.859000000000000430e-01 9.473724783240564662e+00
2.876800000000000468e-01 9.473798039091395395e+00
2.894600000000000506e-01 9.473871732572709092e+00
2.912400000000000544e-01 9.473945863949523982e+00
2.930200000000000027e-01 9.474020433506019856e+00
2.948000000000000065e-01 9.474095441545534513e+00
2.965800000000000103e-01 9.474170888390592182e+00
2.983600000000000141e-01 9.474246774382930170e+00
3.001400000000000179e-01 9.474323099883504185e+00
3.019200000000000217e-01 9.474399865272523868e+00
3.037000000000000255e-01 9.474477070949467006e+00
3.054800000000000293e-01 9.474554717333099063e+00
3.072600000000000331e-01 9.474632804861505164e+00
3.090400000000000369e-01 9.474711333793221613e+00
3.108200000000000407e-01 9.474790305002809276e+00
3.126000000000000445e-01 9.474869718787543249e+00
3.143800000000000483e-01 9.474949575663005774e+00
3.161600000000000521e-01 9.475029876164221321e+00
3.179400000000000559e-01 9.475110620845670795e+00
3.197200000000000042e-01 9.475191810281332394e+00
3.215000000000000080e-01 9.475273445064708255e+00
3.232800000000000118e-01 9.475355525906246967e+00
3.250600000000000156e-01 9.475438053243752989e+00
3.268400000000000194e-01 9.475521027826873777e+00
3.286200000000000232e-01 9.475604450327473671e+00
3.304000000000000270e-01 9.475688321437093720e+00
3.321800000000000308e-01 9.475772641866972990e+00
3.339600000000000346e-01 9.475857412348078768e+00
3.357400000000000384e-01 9.475942633609049537e+00
3.375200000000000422e-01 9.476028306464618467e+00
3.393000000000000460e-01 9.476114431644042213e+00
3.410800000000000498e-01 9.476201010035582684e+00
3.428600000000000536e-01 9.476288042430361713e+00
3.446400000000000574e-01 9.476375529678458420e+00
3.464200000000000057e-01 9.476463472649925279e+00
3.482000000000000095e-01 9.476551872234827201e+00
3.499800000000000133e-01 9.476640729343285940e+00
3.517600000000000171e-01 9.476730044905499639e+00
3.535400000000000209e-01 9.476819819871804995e+00
3.553200000000000247e-01 9.476910055212711015e+00
3.571000000000000285e-01 9.477000751918922106e+00
3.588800000000000323e-01 9.477091911001433999e+00
3.606600000000000361e-01 9.477183533491437828e+00
3.624400000000000399e-01 9.477275620440511972e+00
3.642200000000000437e-01 9.477368172920703771e+00
3.660000000000000475e-01 9.477461192024348335e+00
3.677800000000000513e-01 9.477554678864308357e+00
3.695600000000000551e-01 9.477648634573940356e+00
3.713400000000000589e-01 9.477743060307169287e+00
3.731200000000000072e-01 9.477837957238518740e+00
3.749000000000000110e-01 9.477933326457799623e+00
3.766800000000000148e-01 9.478029169391577469e+00
3.784600000000000186e-01 9.478125487171123353e+00
3.802400000000000224e-01 9.478222281053843901e+00
3.820200000000000262e-01 9.478319552317973518e+00
3.838000000000000300e-01 9.478417302262707622e+00
3.855800000000000338e-01 9.478515532208131589e+00
3.873600000000000376e-01 9.478614243495327329e+00
3.891400000000000414e-01 9.478713437486455007e+00
3.909200000000000452e-01 9.478813115564769021e+00
3.927000000000000490e-01 9.478913279134685510e+00
3.944800000000000528e-01 9.479013929621839196e+00
3.962600000000000566e-01 9.479115068473127792e+00
3.980400000000000604e-01 9.479216697156786609e+00
3.998200000000000087e-01 9.479318817162429411e+00
4.016000000000000125e-01 9.479421430001112370e+00
4.033800000000000163e-01 9.479524537205398005e+00
4.051600000000000201e-01 9.479628140329406705e+00
4.069400000000000239e-01 9.479732240948882449e+00
4.087200000000000277e-01 9.479836840661254982e+00
4.105000000000000315e-01 9.479941941085691326e+00
4.122800000000000353e-01 9.480047543863181048e+00
4.140600000000000391e-01 9.480153650656571784e+00
4.158400000000000429e-01 9.480260263150658062e+00
4.176200000000000467e-01 9.480367383052236363e+00
4.194000000000000505e-01 9.480475012090167297e+00
4.211800000000000543e-01 9.480583152015451986e+00
4.229600000000000581e-01 9.480691804601297790e+00
4.247400000000000619e-01 9.480800971643182251e+00
4.265200000000000102e-01 9.480910654958931261e+00
4.283000000000000140e-01 9.481020856388783002e+00
4.300800000000000178e-01 9.481131577795467891e+00
4.318600000000000216e-01 9.481242821064272519e+00
4.336400000000000254e-01 9.481354588103119596e+00
4.354200000000000292e-01 9.481466880842640776e+00
4.372000000000000330e-01 9.481579701236254820e+00
4.389800000000000368e-01 9.481693051260243976e+00
4.407600000000000406e-01 9.481806932913830366e+00
4.425400000000000444e-01 9.481921348219255918e+00
4.443200000000000482e-01 9.482036299221865860e+00
4.461000000000000520e-01 9.482151787990185099e+00
4.478800000000000558e-01 9.482267816616003486e+00
4.496600000000000597e-01 9.482384387214464638e+00
4.514400000000000635e-01 9.482501501924136988e+00
4.532200000000000117e-01 9.482619162907120369e+00
4.550000000000000155e-01 9.482737372349108185e+00
4.567800000000000193e-01 9.482856132459499321e+00
4.585600000000000231e-01 9.482975445327987529e+00
4.603400000000000269e-01 9.483095313498637324e+00
4.621200000000000307e-01 9.483215739108961984e+00
4.639000000000000346e-01 9.483336724464054512e+00
4.656800000000000384e-01 9.483458271893162816e+00
4.674600000000000422e-01 9.483580383749796283e+00
4.692400000000000460e-01 9.483703062411816376e+00
4.710200000000000498e-01 9.483826310281530780e+00
4.728000000000000536e-01 9.483950129785810645e+00
4.745800000000000574e-01 9.484074523376177623e+00
4.763600000000000612e-01 9.484199493528915781e+00
4.781400000000000650e-01 9.484325042745176404e+00
4.799200000000000133e-01 9.484451173621234688e+00
4.817000000000000171e-01 9.484577888567979898e+00
4.834800000000000209e-01 9.484705190231977667e+00
4.852600000000000247e-01 9.484833081214929962e+00
4.870400000000000285e-01 9.484961564143969071e+00
4.888200000000000323e-01 9.485090641671749978e+00
4.906000000000000361e-01 9.485220316476590696e+00
4.923800000000000399e-01 9.485350591262578845e+00
4.941600000000000437e-01 9.485481468759696000e+00
4.959400000000000475e-01 9.485612951723945585e+00
4.977200000000000513e-01 9.485745042937468341e+00
4.995000000000000551e-01 9.485877745192800248e+00
5.012800000000000589e-01 9.486011061356531826e+00
5.030600000000000627e-01 9.486144994274129161e+00
5.048400000000000665e-01 9.486279546805578278e+00
5.066199999999999593e-01 9.486414721921770266e+00
5.083999999999999631e-01 9.486550522536438379e+00
5.101800000000000779e-01 9.486686951618430896e+00
5.119600000000000817e-01 9.486824012163825870e+00
5.137400000000000855e-01 9.486961707196073235e+00
5.155200000000000893e-01 9.487100039766152904e+00
5.173000000000000931e-01 9.487239012952707995e+00
5.190800000000000969e-01 9.487378629862211810e+00
5.208599999999999897e-01 9.487518893629129479e+00
5.226399999999999935e-01 9.487659807416061852e+00
5.244199999999999973e-01 9.487801374413914246e+00
5.262000000000000011e-01 9.487943597842070531e+00
5.279800000000000049e-01 9.488086480948549450e+00
5.297600000000000087e-01 9.488230027010180478e+00
5.315400000000000125e-01 9.488374239332804549e+00
5.333200000000000163e-01 9.488519121251357546e+00
5.351000000000000201e-01 9.488664676130186493e+00
5.368800000000000239e-01 9.488810907363149028e+00
5.386600000000000277e-01 9.488957818373789266e+00
5.404400000000000315e-01 9.489105412615643331e+00
5.422200000000000353e-01 9.489253693572274884e+00
5.440000000000000391e-01 9.489402664757573547e+00
5.457800000000000429e-01 9.489552329715944978e+00
5.475600000000000467e-01 9.489702692022499164e+00
5.493400000000000505e-01 9.489853755283284897e+00
5.511200000000000543e-01 9.490005523135485177e+00
5.529000000000000581e-01 9.490157999247646359e+00
5.546800000000000619e-01 9.490311187319912634e+00
5.564600000000000657e-01 9.490465091084210769e+00
5.582400000000000695e-01 9.490619714229250548e+00
5.600200000000000733e-01 9.490775060701929888e+00
5.618000000000000771e-01 9.490931134255744084e+00
5.635800000000000809e-01 9.491087938752290398e+00
5.653600000000000847e-01 9.491245478086190346e+00
5.671400000000000885e-01 9.491403756185345486e+00
5.689200000000000923e-01 9.491562777011255392e+00
5.707000000000000961e-01 9.491722544559200614e+00
5.724800000000000999e-01 9.491883062858581965e+00
5.742599999999999927e-01 9.492044335973167435e+00
5.760399999999999965e-01 9.492206368001408379e+00
5.778200000000000003e-01 9.492369163076714855e+00
5.796000000000000041e-01 9.492532725367757607e+00
5.813800000000000079e-01 9.492697059078786026e+00
5.831600000000000117e-01 9.492862168449917704e+00
5.849400000000000155e-01 9.493028057757491922e+00
5.867200000000000193e-01 9.493194731314362755e+00
5.885000000000000231e-01 9.493362193470261445e+00
5.902800000000000269e-01 9.493530448612121475e+00
5.920600000000000307e-01 9.493699501164435617e+00
5.938400000000000345e-01 9.493869355589609427e+00
5.956200000000000383e-01 9.494040016388336056e+00
5.974000000000000421e-01 9.494211488099956853e+00
5.991800000000000459e-01 9.494383775302853934e+00
6.009600000000000497e-01 9.494556882614837434e+00
6.027400000000000535e-01 9.494730814693546961e+00
6.045200000000000573e-01 9.494905576236861933e+00
6.063000000000000611e-01 9.495081171983315471e+00
6.080800000000000649e-01 9.495257606712531384e+00
6.098600000000000687e-01 9.495434885245655821e+00
6.116400000000000725e-01 9.495613012445801360e+00
6.134200000000000763e-01 9.495791993218523075e+00
6.152000000000000801e-01 9.495971832512269728e+00
6.169800000000000839e-01 9.496152535318877597e+00
6.187600000000000877e-01 9.496334106674050091e+00
6.205400000000000915e-01 9.496516551657872895e+00
6.223200000000000953e-01 9.496699875395327339e+00
6.241000000000000991e-01 9.496884083056803760e+00
6.258800000000001029e-01 9.497069179858661059e+00
6.276599999999999957e-01 9.497255171063763157e+00
6.294399999999999995e-01 9.497442061982056316e+00
6.312200000000000033e-01 9.497629857971137568e+00
6.330000000000000071e-01 9.497818564436846245e+00
6.347800000000000109e-01 9.498008186833883926e+00
6.365600000000000147e-01 9.498198730666409517e+00
6.383400000000000185e-01 9.498390201488700058e+00
6.401200000000000223e-01 9.498582604905774218e+00
6.419000000000000261e-01 9.498775946574074425e+00
6.436800000000000299e-01 9.498970232202131214e+00
6.454600000000000337e-01 9.499165467551268449e+00
6.472400000000000375e-01 9.499361658436299649e+00
6.490200000000000413e-01 9.499558810726265179e+00
6.508000000000000451e-01 9.499756914735414171e+00
6.525800000000000489e-01 9.499956008734431023e+00
6.543600000000000527e-01 9.500156082077163333e+00
6.561400000000000565e-01 9.500357140856541704e+00
6.579200000000000603e-01 9.500559191223583611e+00
6.597000000000000641e-01 9.500762239388212294e+00
6.614800000000000679e-01 9.500966291620089876e+00
6.632600000000000717e-01 9.501171354249477119e+00
6.650400000000000755e-01 9.501377433668091399e+00
6.668200000000000793e-01 9.501584536329984232e+00
6.686000000000000831e-01 9.501792668752445437e+00
6.703800000000000869e-01 9.502001837516896643e+00
6.721600000000000907e-01 9.502212049269807892e+00
6.739400000000000945e-01 9.502423310723623118e+00
6.757200000000000983e-01 9.502635628657692735e+00
6.775000000000001021e-01 9.502849009919209777e+00
6.792800000000001059e-01 9.503063461424135383e+00
6.810599999999999987e-01 9.503278990158147366e+00
6.828400000000000025e-01 9.503495603177567475e+00
6.846200000000000063e-01 9.503713307508339980e+00
6.864000000000000101e-01 9.503932110554345059e+00
6.881800000000000139e-01 9.504152019487600356e+00
6.899600000000000177e-01 9.504373041655922449e+00
6.917400000000000215e-01 9.504595184482079517e+00
6.935200000000000253e-01 9.504818455464537408e+00
6.953000000000000291e-01 9.505042862228943790e+00
6.970800000000000329e-01 9.505268412325504457e+00
6.988600000000000367e-01 9.505495113533974916e+00
7.006400000000000405e-01 9.505722973661086428e+00
7.024200000000000443e-01 9.505952000591342710e+00
7.042000000000000481e-01 9.506182202286915128e+00
7.059800000000000519e-01 9.506413586775483537e+00
7.077600000000000557e-01 9.506646162175707460e+00
7.095400000000000595e-01 9.506879936708925172e+00
7.113200000000000633e-01 9.507114918619546273e+00
7.131000000000000671e-01 9.507351116244239009e+00
7.148800000000000709e-01 9.507588537988031163e+00
7.166600000000000747e-01 9.507827192320256415e+00
7.184400000000000786e-01 9.508067087769251913e+00
7.202200000000000824e-01 9.508308232915554825e+00
7.220000000000000862e-01 9.508550636383091614e+00
7.237800000000000900e-01 9.508794306828075804e+00
7.255600000000000938e-01 9.509039252924784691e+00
7.273400000000000976e-01 9.509285483347293066e+00
7.291200000000001014e-01 9.509533006746378803e+00
7.309000000000001052e-01 9.509781831660312434e+00
7.326800000000001090e-01 9.510031966714404206e+00
7.344600000000000017e-01 9.510283420215809969e+00
7.362400000000000055e-01 9.510536200326885847e+00
7.380200000000000093e-01 9.510790314922710209e+00
7.398000000000000131e-01 9.511045771481796862e+00
7.415800000000000169e-01 9.511302576990923185e+00
7.433600000000000207e-01 9.511560737716552083e+00
7.451400000000000245e-01 9.511820258775959047e+00
7.469200000000000284e-01 9.512081144077892958e+00
7.487000000000000322e-01 9.512343395511015487e+00
7.504800000000000360e-01 9.512607012606240531e+00
7.522600000000000398e-01 9.512871991327909171e+00
7.540400000000000436e-01 9.513131885849546165e+00
7.558200000000000474e-01 9.513400209310434619e+00
7.576000000000000512e-01 9.513670006433915916e+00
7.593800000000000550e-01 9.513941289410233537e+00
7.611600000000000588e-01 9.514214070608220553e+00
7.629400000000000626e-01 9.514488362574795133e+00
7.647200000000000664e-01 9.514764178031306585e+00
7.665000000000000702e-01 9.515041529921322905e+00
7.682800000000000740e-01 9.515320431166014004e+00
7.700600000000000778e-01 9.515600894977847446e+00
7.718400000000000816e-01 9.515882943997313603e+00
7.736200000000000854e-01 9.516166578419142041e+00
7.754000000000000892e-01 9.516451817592319173e+00
7.771800000000000930e-01 9.516738675890254129e+00
7.789600000000000968e-01 9.517027168162824680e+00
7.807400000000001006e-01 9.517317309700894512e+00
7.825200000000001044e-01 9.517609115750913062e+00
7.843000000000001082e-01 9.517902601272128393e+00
7.860800000000001120e-01 9.518197781653316980e+00
7.878600000000000048e-01 9.518494672638814436e+00
7.896400000000000086e-01 9.518793290463435142e+00
7.914200000000000124e-01 9.519093647059323260e+00
7.932000000000000162e-01 9.519395771264324679e+00
7.949800000000000200e-01 9.519699672343987729e+00
7.967600000000000238e-01 9.520005367967959486e+00
7.985400000000000276e-01 9.520312876071804098e+00
8.003200000000000314e-01 9.520622214891945490e+00
8.021000000000000352e-01 9.520933402992508121e+00
8.038800000000000390e-01 9.521246459286407671e+00
8.056600000000000428e-01 9.521561402964982435e+00
8.074400000000000466e-01 9.521878253865002861e+00
8.092200000000000504e-01 9.522197031958208768e+00
8.110000000000000542e-01 9.522517757759427326e+00
8.127800000000000580e-01 9.522840452076613005e+00
8.145600000000000618e-01 9.523165136290883126e+00
8.163400000000000656e-01 9.523491832184564743e+00
8.181200000000000694e-01 9.523820562023482594e+00
8.199000000000000732e-01 9.524151348584474874e+00
8.216800000000000770e-01 9.524484215103036888e+00
8.234600000000000808e-01 9.524819185353312179e+00
8.252400000000000846e-01 9.525156283647641331e+00
8.270200000000000884e-01 9.525495534855092927e+00
8.288000000000000922e-01 9.525836964420722808e+00
8.305800000000000960e-01 9.526180598385861842e+00
8.323600000000000998e-01 9.526526463408998779e+00
8.341400000000001036e-01 9.526874586787839050e+00
8.359200000000001074e-01 9.527224996429421111e+00
8.377000000000001112e-01 9.527577721085185303e+00
8.394800000000001150e-01 9.527932790059919554e+00
8.412600000000000078e-01 9.528290233448620583e+00
8.430400000000000116e-01 9.528650082111429498e+00
8.448200000000000154e-01 9.529012367702549113e+00
8.466000000000000192e-01 9.529377122700536162e+00
8.483800000000000230e-01 9.529744380440066109e+00
8.501600000000000268e-01 9.530114175145312672e+00
8.519400000000000306e-01 9.530486541964982905e+00
8.537200000000000344e-01 9.530861517009180162e+00
8.555000000000000382e-01 9.531239137388155314e+00
8.572800000000000420e-01 9.531619441253102565e+00
8.590600000000000458e-01 9.532002467839131299e+00
8.608400000000000496e-01 9.532388257510566731e+00
8.626200000000000534e-01 9.532776851808723251e+00
8.644000000000000572e-01 9.533168293502345847e+00
8.661800000000000610e-01 9.533562626640888382e+00
8.679600000000000648e-01 9.533959896610870288e+00
8.697400000000000686e-01 9.534360150195466233e+00
8.715200000000000724e-01 9.534763435637668039e+00
8.733000000000000762e-01 9.535169802707212483e+00
8.750800000000000800e-01 9.535579302771607146e+00
8.768600000000000838e-01 9.535991988871513669e+00
8.786400000000000876e-01 9.536407915800969803e+00
8.804200000000000914e-01 9.536827140192670527e+00
8.822000000000000952e-01 9.537249720608855341e+00
8.839800000000000990e-01 9.537675717638222750e+00
8.857600000000001028e-01 9.538105193917930436e+00
8.875400000000001066e-01 9.538538214569577178e+00
8.893200000000001104e-01 9.538974846829992416e+00
8.911000000000001142e-01 9.539415160502667135e+00
8.928800000000001180e-01 9.539859228012698367e+00
8.946600000000000108e-01 9.540307124593882193e+00
8.964400000000000146e-01 9.540758928282306428e+00
8.982200000000000184e-01 9.541214720330792431e+00
9.000000000000000222e-01 9.541674585228532735e+00
9.003999999999999782e-01 9.541778495020308171e+00
9.008000000000000451e-01 9.541882615936142287e+00
9.012000000000000011e-01 9.541986948999289453e+00
9.016000000000000680e-01 9.542091495271199264e+00
9.020000000000000240e-01 9.542196255794587856e+00
9.023999999999999799e-01 9.542301231631602931e+00
9.028000000000000469e-01 9.542406423854458808e+00
9.032000000000000028e-01 9.542511833528633858e+00
9.036000000000000698e-01 9.542617461780750432e+00
9.040000000000000258e-01 9.542723309697160872e+00
9.043999999999999817e-01 9.542829378391775919e+00
9.048000000000000487e-01 9.542935668989306564e+00
9.052000000000000046e-01 9.543042182625413261e+00
9.056000000000000716e-01 9.543148920446865802e+00
9.060000000000000275e-01 9.543255883611706736e+00
9.063999999999999835e-01 9.543363073289411247e+00
9.068000000000000504e-01 9.543470490661057681e+00
9.072000000000000064e-01 9.543578136919501631e+00
9.076000000000000734e-01 9.543686013269537582e+00
9.080000000000000293e-01 9.543794120928087210e+00
9.083999999999999853e-01 9.543902461124380565e+00
9.088000000000000522e-01 9.544011035100133711e+00
9.092000000000000082e-01 9.544119844109737016e+00
9.095999999999999641e-01 9.544228889420459438e+00
9.100000000000000311e-01 9.544338172312624380e+00
9.103999999999999870e-01 9.544447694079833511e+00
9.108000000000000540e-01 9.544557456029146181e+00
9.112000000000000099e-01 9.544667459481321004e+00
9.115999999999999659e-01 9.544777705770966847e+00
9.120000000000000329e-01 9.544888196246837708e+00
9.123999999999999888e-01 9.544998932272005021e+00
9.128000000000000558e-01 9.545109915224079700e+00
9.132000000000000117e-01 9.545221146495507014e+00
9.135999999999999677e-01 9.545332627493708699e+00
9.140000000000000346e-01 9.545444359641388488e+00
9.143999999999999906e-01 9.545556344376755931e+00
9.148000000000000576e-01 9.545668583153783970e+00
9.152000000000000135e-01 9.545781077442468288e+00
9.155999999999999694e-01 9.545893828729084873e+00
9.160000000000000364e-01 9.546006838516460036e+00
9.163999999999999924e-01 9.546120108324243958e+00
9.168000000000000593e-01 9.546233639689200245e+00
9.172000000000000153e-01 9.546347434165467050e+00
9.175999999999999712e-01 9.546461493324885694e+00
9.180000000000000382e-01 9.546575818708298300e+00
9.183999999999999941e-01 9.546690412021684224e+00
9.188000000000000611e-01 9.546805274842874667e+00
9.192000000000000171e-01 9.546920408817522130e+00
9.195999999999999730e-01 9.547035815603090114e+00
9.200000000000000400e-01 9.547151496879441979e+00
9.203999999999999959e-01 9.547267454360744310e+00
9.208000000000000629e-01 9.547383689771615778e+00
9.212000000000000188e-01 9.547500204857323425e+00
9.215999999999999748e-01 9.547617001384141489e+00
9.220000000000000417e-01 9.547734081139740425e+00
9.223999999999999977e-01 9.547851445933561720e+00
9.228000000000000647e-01 9.547969097597222898e+00
9.232000000000000206e-01 9.548087037984917202e+00
9.235999999999999766e-01 9.548205268973832816e+00
9.240000000000000435e-01 9.548323792513235375e+00
9.243999999999999995e-01 9.548442610430212696e+00
9.248000000000000664e-01 9.548561724722242516e+00
9.252000000000000224e-01 9.548681137362851956e+00
9.255999999999999783e-01 9.548800850350795955e+00
9.260000000000000453e-01 9.548920865710540440e+00
9.264000000000000012e-01 9.549041185492757933e+00
9.268000000000000682e-01 9.549161811774824926e+00
9.272000000000000242e-01 9.549282746661367227e+00
9.275999999999999801e-01 9.549403992284757337e+00
9.280000000000000471e-01 9.549525550805686436e+00
9.284000000000000030e-01 9.549647424413711505e+00
9.288000000000000700e-01 9.549769615327843297e+00
9.292000000000000259e-01 9.549892125797127207e+00
9.295999999999999819e-01 9.550014958101256113e+00
9.300000000000000488e-01 9.550143869627840232e+00
9.304000000000000048e-01 9.550267399884914354e+00
9.308000000000000718e-01 9.550391258142509443e+00
9.312000000000000277e-01 9.550515446811198572e+00
9.315999999999999837e-01 9.550639968335877583e+00
9.320000000000000506e-01 9.550764825196438323e+00
9.324000000000000066e-01 9.550890019908486295e+00
9.328000000000000735e-01 9.551015555024063630e+00
9.332000000000000295e-01 9.551141433132418257e+00
9.335999999999999854e-01 9.551267656860721544e+00
9.340000000000000524e-01 9.551394228874954706e+00
9.344000000000000083e-01 9.551521151880670857e+00
9.347999999999999643e-01 9.551648428623879639e+00
9.352000000000000313e-01 9.551776061891890990e+00
9.355999999999999872e-01 9.551904054514288589e+00
9.360000000000000542e-01 9.552032409363784282e+00
9.364000000000000101e-01 9.552161129357225278e+00
9.367999999999999661e-01 9.552290217456590682e+00
9.372000000000000330e-01 9.552419676670023563e+00
9.375999999999999890e-01 9.552549510052859461e+00
9.380000000000000560e-01 9.552679720708757927e+00
9.384000000000000119e-01 9.552810311790803866e+00
9.387999999999999678e-01 9.552941286502688811e+00
9.392000000000000348e-01 9.553072648099899311e+00
9.395999999999999908e-01 9.553204399890967480e+00
9.400000000000000577e-01 9.553336545238739319e+00
9.404000000000000137e-01 9.553469087561701656e+00
9.407999999999999696e-01 9.553602030335342832e+00
9.412000000000000366e-01 9.553735377093566683e+00
9.415999999999999925e-01 9.553869131430127837e+00
9.420000000000000595e-01 9.554003297000143391e+00
9.424000000000000155e-01 9.554137877521640121e+00
9.427999999999999714e-01 9.554272876777146095e+00
9.432000000000000384e-01 9.554408298615348016e+00
9.435999999999999943e-01 9.554544146952796524e+00
9.440000000000000613e-01 9.554680425775659458e+00
9.444000000000000172e-01 9.554817139141553284e+00
9.447999999999999732e-01 9.554954291181422477e+00
9.452000000000000401e-01 9.555091886117798694e+00
9.455999999999999961e-01 9.555229928201509182e+00
9.460000000000000631e-01 9.555368421811762047e+00
9.464000000000000190e-01 9.555507371392932825e+00
9.467999999999999750e-01 9.555646781473143392e+00
9.472000000000000419e-01 9.555786721576447817e+00
9.475999999999999979e-01 9.555927071697810860e+00
9.479999999999999538e-01 9.556067896540199058e+00
9.484000000000000208e-01 9.556209200989888686e+00
9.487999999999999767e-01 9.556350990029148562e+00
9.492000000000000437e-01 9.556493268738995184e+00
9.495999999999999996e-01 9.556636042302017131e+00
9.499999999999999556e-01 9.556779316005385994e+00
9.504000000000000226e-01 9.556923095243909927e+00
9.507999999999999785e-01 9.557067385523215108e+00
9.512000000000000455e-01 9.557212192463076406e+00
9.516000000000000014e-01 9.557357521800835087e+00
9.519999999999999574e-01 9.557503379395033249e+00
9.524000000000000243e-01 9.557649771229048241e+00
9.527999999999999803e-01 9.557796703415004202e+00
9.532000000000000473e-01 9.557944182197781302e+00
9.536000000000000032e-01 9.558092213959190175e+00
9.539999999999999591e-01 9.558240805222316894e+00
9.544000000000000261e-01 9.558389962656050898e+00
9.547999999999999821e-01 9.558539693079795896e+00
9.552000000000000490e-01 9.558690003468365504e+00
9.556000000000000050e-01 9.558840900957104481e+00
9.559999999999999609e-01 9.558992392847212471e+00
9.564000000000000279e-01 9.559144486611291569e+00
9.567999999999999838e-01 9.559297189899140790e+00
9.572000000000000508e-01 9.559450510543793911e+00
9.576000000000000068e-01 9.559604456567825537e+00
9.579999999999999627e-01 9.559759036189932502e+00
9.584000000000000297e-01 9.559914257831790607e+00
9.587999999999999856e-01 9.560070130125259524e+00
9.592000000000000526e-01 9.560226661872547993e+00
9.596000000000000085e-01 9.560383862243293507e+00
9.599999999999999645e-01 9.560541740499003183e+00
9.604000000000000314e-01 9.560700306190751618e+00
9.607999999999999874e-01 9.560859569120909285e+00
9.612000000000000544e-01 9.561019539352544783e+00
9.616000000000000103e-01 9.561180227219278294e+00
9.619999999999999662e-01 9.561341643335616425e+00
9.624000000000000332e-01 9.561503798607777327e+00
9.627999999999999892e-01 9.561666704245041615e+00
9.632000000000000561e-01 9.561830371771701920e+00
9.636000000000000121e-01 9.561994813039536467e+00
9.639999999999999680e-01 9.562160040240973657e+00
9.644000000000000350e-01 9.562326065922905016e+00
9.647999999999999909e-01 9.562492903001190925e+00
9.652000000000000579e-01 9.562660564775956828e+00
9.656000000000000139e-01 9.562829064947647950e+00
9.659999999999999698e-01 9.562998417633956194e+00
9.664000000000000368e-01 9.563168637387658322e+00
9.667999999999999927e-01 9.563339739215395596e+00
9.672000000000000597e-01 9.563511738597499701e+00
9.676000000000000156e-01 9.563684651508902235e+00
9.679999999999999716e-01 9.563858494441213054e+00
9.684000000000000385e-01 9.564033284426036730e+00
9.687999999999999945e-01 9.564209039059640816e+00
9.692000000000000615e-01 9.564385776529018557e+00
9.696000000000000174e-01 9.564563515639488145e+00
9.699999999999999734e-01 9.564742275843915564e+00
9.704000000000000403e-01 9.564922077273685375e+00
9.707999999999999963e-01 9.565102940771536666e+00
9.712000000000000632e-01 9.565284887926400970e+00
9.716000000000000192e-01 9.565467941110414429e+00
9.719999999999999751e-01 9.565652123518216143e+00
9.724000000000000421e-01 9.565837459208770710e+00
9.727999999999999980e-01 9.566023973149841098e+00
9.732000000000000650e-01 9.566211691265380068e+00
9.736000000000000210e-01 9.566400640486021345e+00
9.739999999999999769e-01 9.566590848802945857e+00
9.744000000000000439e-01 9.566782345325387737e+00
9.747999999999999998e-01 9.566975160342074957e+00
9.752000000000000668e-01 9.567169325386931433e+00
9.756000000000000227e-01 9.567364873309402995e+00
9.759999999999999787e-01 9.567561838349808667e+00
9.764000000000000457e-01 9.567760256220131154e+00
9.768000000000000016e-01 9.567960164190745687e+00
9.771999999999999575e-01 9.568161601183597043e+00
9.776000000000000245e-01 9.568364607872439365e+00
9.779999999999999805e-01 9.568569226790739179e+00
9.784000000000000474e-01 9.568775502448009007e+00
9.788000000000000034e-01 9.568983481455324736e+00
9.791999999999999593e-01 9.569193212660943360e+00
9.796000000000000263e-01 9.569404747296985647e+00
9.799999999999999822e-01 9.569618139138297508e+00
9.804000000000000492e-01 9.569833444674719303e+00
9.808000000000000052e-01 9.570050723298127338e+00
9.811999999999999611e-01 9.570270037505817839e+00
9.816000000000000281e-01 9.570491453121938719e+00
9.819999999999999840e-01 9.570715039538958635e+00
9.824000000000000510e-01 9.570940869981360066e+00
9.828000000000000069e-01 9.571169021794057485e+00
9.831999999999999629e-01 9.571399576758379268e+00
9.836000000000000298e-01 9.571632621438824984e+00
9.839999999999999858e-01 9.571868247564264465e+00
9.843999999999999417e-01 9.572106552447756656e+00
9.848000000000000087e-01 9.572347639449764856e+00
9.851999999999999647e-01 9.572591618490298160e+00
9.856000000000000316e-01 9.572838606616242529e+00
9.859999999999999876e-01 9.573088728631221400e+00
9.863999999999999435e-01 9.573342117796412865e+00
9.868000000000000105e-01 9.573598916612109377e+00
9.871999999999999664e-01 9.573859277691449066e+00
9.876000000000000334e-01 9.574123364739667963e+00
9.879999999999999893e-01 9.574391353654485570e+00
9.883999999999999453e-01 9.574663433766087195e+00
9.888000000000000123e-01 9.574939809238424360e+00
9.891999999999999682e-01 9.575220700657684603e+00
9.896000000000000352e-01 9.575506346838674077e+00
9.899999999999999911e-01 9.575797006885959917e+00
9.903999999999999471e-01 9.576092962554010768e+00
9.908000000000000140e-01 9.576394520959896184e+00
9.911999999999999700e-01 9.576702017713470738e+00
9.916000000000000369e-01 9.577015820544485081e+00
9.919999999999999929e-01 9.577336333524186784e+00
9.923999999999999488e-01 9.577664002002071797e+00
9.928000000000000158e-01 9.577999318408068063e+00
9.931999999999999718e-01 9.578342829108851930e+00
9.936000000000000387e-01 9.578695142557002384e+00
9.939999999999999947e-01 9.579056939038562035e+00
9.943999999999999506e-01 9.579428982414089688e+00
9.948000000000000176e-01 9.579812134372721388e+00
9.951999999999999735e-01 9.580206947315501154e+00
9.956000000000000405e-01 9.580615499098650290e+00
9.959999999999999964e-01 9.581038523590036604e+00
9.963999999999999524e-01 9.581477492813926133e+00
9.968000000000000194e-01 9.581934119056052523e+00
9.971999999999999753e-01 9.582411042224364905e+00
9.976000000000000423e-01 9.582910226110254115e+00
9.979999999999999982e-01 9.583434205770648973e+00
9.983999999999999542e-01 9.583986449302321020e+00
9.988000000000000211e-01 9.584571311848181452e+00
9.991999999999999771e-01 9.585194346806700239e+00
9.996000000000000441e-01 9.585862538276554545e+00
1.000000000000000000e+00 9.586584329931357118e+00
