0.000000000000000000e+00 9.134678433869797942e+00
4.000000000000000327e-05 9.134677800972363926e+00
8.000000000000000654e-05 9.134677487347193647e+00
1.200000000000000166e-04 9.134677235339980328e+00
1.600000000000000131e-04 9.134677042299403027e+00
2.000000000000000096e-04 9.134676858495437202e+00
2.400000000000000332e-04 9.134676672717375823e+00
2.800000000000000297e-04 9.134676493727441837e+00
3.200000000000000262e-04 9.134676310466854687e+00
3.600000000000000227e-04 9.134676146603968760e+00
4.000000000000000192e-04 9.134675971675868311e+00
4.400000000000000157e-04 9.134675805487900035e+00
4.800000000000000664e-04 9.134675633668326356e+00
5.200000000000000629e-04 9.134675464551921920e+00
5.600000000000000594e-04 9.134675293209163272e+00
6.000000000000000559e-04 9.134675128348632711e+00
6.400000000000000524e-04 9.134674963820943461e+00
6.800000000000000488e-04 9.134674791070574784e+00
7.200000000000000453e-04 9.134674631397960098e+00
7.600000000000000418e-04 9.134674465232347274e+00
8.000000000000000383e-04 9.134674302021105419e+00
8.400000000000000348e-04 9.134674134643226751e+00
8.800000000000000313e-04 9.134673972094802252e+00
9.200000000000000278e-04 9.134673809877625672e+00
9.600000000000001327e-04 9.134673647991258250e+00
1.000000000000000021e-03 9.134673480204670071e+00
1.040000000000000126e-03 9.134673322036789500e+00
1.080000000000000014e-03 9.134673159227645556e+00
1.120000000000000119e-03 9.134672998662102472e+00
1.160000000000000007e-03 9.134672838426942221e+00
1.200000000000000112e-03 9.134672675237814232e+00
1.240000000000000000e-03 9.134672515660664516e+00
1.280000000000000105e-03 9.134672356413643612e+00
1.320000000000000210e-03 9.134672197496085388e+00
1.360000000000000098e-03 9.134672038908114189e+00
1.400000000000000203e-03 9.134671880649845477e+00
1.440000000000000091e-03 9.134671722721369846e+00
1.480000000000000196e-03 9.134671560583626615e+00
1.520000000000000084e-03 9.134671405542237110e+00
1.560000000000000189e-03 9.134671248603458693e+00
1.600000000000000077e-03 9.134671090600756216e+00
1.640000000000000182e-03 9.134670934321809099e+00
1.680000000000000070e-03 9.134670778372731448e+00
1.720000000000000175e-03 9.134670622753432667e+00
1.760000000000000063e-03 9.134670465068223777e+00
1.800000000000000168e-03 9.134670310107889435e+00
1.840000000000000056e-03 9.134670155477660813e+00
1.880000000000000161e-03 9.134670001176937504e+00
1.920000000000000265e-03 9.134669847205609372e+00
1.960000000000000370e-03 9.134669693563575166e+00
2.000000000000000042e-03 9.134669540250717645e+00
2.040000000000000147e-03 9.134669387266921348e+00
2.080000000000000251e-03 9.134669234612408317e+00
2.120000000000000356e-03 9.134669082287452113e+00
2.160000000000000028e-03 9.134668926985460402e+00
2.200000000000000133e-03 9.134668775319036982e+00
2.240000000000000237e-03 9.134668625603616476e+00
2.280000000000000342e-03 9.134668474595237342e+00
2.320000000000000014e-03 9.134668323551021984e+00
2.360000000000000119e-03 9.134668172549533338e+00
2.400000000000000223e-03 9.134668022527726805e+00
2.440000000000000328e-03 9.134667872834702607e+00
2.480000000000000000e-03 9.134667723470418110e+00
2.520000000000000104e-03 9.134667574434891080e+00
2.560000000000000209e-03 9.134667425728029144e+00
2.600000000000000314e-03 9.134667275602661007e+00
2.640000000000000419e-03 9.134667127552916099e+00
2.680000000000000090e-03 9.134666979832188005e+00
2.720000000000000195e-03 9.134666832440125006e+00
2.760000000000000300e-03 9.134666685376709339e+00
2.800000000000000405e-03 9.134666538641925015e+00
2.840000000000000076e-03 9.134666392235754273e+00
2.880000000000000181e-03 9.134666246158174019e+00
2.920000000000000286e-03 9.134666100409161160e+00
2.960000000000000391e-03 9.134665954988690828e+00
3.000000000000000062e-03 9.134665809896734601e+00
3.040000000000000167e-03 9.134665665133264056e+00
3.080000000000000272e-03 9.134665520698248997e+00
3.120000000000000377e-03 9.134665376591650343e+00
3.160000000000000048e-03 9.134665230405301983e+00
3.200000000000000153e-03 9.134665086955431335e+00
3.240000000000000258e-03 9.134664943833868733e+00
3.280000000000000363e-03 9.134664802221598379e+00
3.320000000000000468e-03 9.134664659756529304e+00
3.360000000000000139e-03 9.134664517619638602e+00
3.400000000000000244e-03 9.134664375545000325e+00
3.440000000000000349e-03 9.134664233590344296e+00
3.480000000000000454e-03 9.134664092437724037e+00
3.520000000000000125e-03 9.134663951613100963e+00
3.560000000000000230e-03 9.134663811116427112e+00
3.600000000000000335e-03 9.134663670947658076e+00
3.640000000000000440e-03 9.134663531107142020e+00
3.680000000000000111e-03 9.134663391593585757e+00
3.720000000000000216e-03 9.134663252408190104e+00
3.760000000000000321e-03 9.134663113550542946e+00
3.800000000000000426e-03 9.134662973746687342e+00
3.840000000000000531e-03 9.134662835544309800e+00
3.880000000000000202e-03 9.134662697669194031e+00
3.920000000000000741e-03 9.134662560122190911e+00
3.959999999999999978e-03 9.134662422902815493e+00
4.000000000000000083e-03 9.134662286011078436e+00
4.040000000000000188e-03 9.134662149446917567e+00
4.080000000000000293e-03 9.134662013210272491e+00
4.120000000000000398e-03 9.134661877301079258e+00
4.160000000000000503e-03 9.134661741719293460e+00
4.200000000000000608e-03 9.134661606464861805e+00
4.240000000000000713e-03 9.134661471537738109e+00
4.279999999999999950e-03 9.134661336937877962e+00
4.320000000000000055e-03 9.134661202665236956e+00
4.360000000000000160e-03 9.134661068719779564e+00
4.400000000000000265e-03 9.134660935101464929e+00
4.440000000000000370e-03 9.134660801810253972e+00
4.480000000000000475e-03 9.134660668846114717e+00
4.520000000000000580e-03 9.134660536209008086e+00
4.560000000000000685e-03 9.134660403898903880e+00
4.600000000000000790e-03 9.134660271915766572e+00
4.640000000000000027e-03 9.134660138505802607e+00
4.680000000000000132e-03 9.134660007176497842e+00
4.720000000000000237e-03 9.134659876174065829e+00
4.760000000000000342e-03 9.134659745498471040e+00
4.800000000000000447e-03 9.134659615149683276e+00
4.840000000000000552e-03 9.134659485987610239e+00
4.880000000000000657e-03 9.134659356292342380e+00
4.920000000000000762e-03 9.134659226923789177e+00
4.959999999999999999e-03 9.134659097881916878e+00
5.000000000000000104e-03 9.134658969166693510e+00
5.040000000000000209e-03 9.134658840584062744e+00
5.080000000000000314e-03 9.134658712177138540e+00
5.120000000000000419e-03 9.134658584441673668e+00
5.160000000000000524e-03 9.134658457032731604e+00
5.200000000000000629e-03 9.134658329950278599e+00
5.240000000000000734e-03 9.134658203194282677e+00
5.280000000000000838e-03 9.134658076764711865e+00
5.320000000000000076e-03 9.134657950661534187e+00
5.360000000000000181e-03 9.134657824884975241e+00
5.400000000000000286e-03 9.134657699434161060e+00
5.440000000000000391e-03 9.134657574309958505e+00
5.480000000000000496e-03 9.134657449511990990e+00
5.520000000000000601e-03 9.134657325040269171e+00
5.560000000000000706e-03 9.134657200894741536e+00
5.600000000000000810e-03 9.134657076146901034e+00
5.640000000000000048e-03 9.134656952653648077e+00
5.680000000000000153e-03 9.134656829486482721e+00
5.720000000000000258e-03 9.134656706645163382e+00
5.760000000000000363e-03 9.134656584130121715e+00
5.800000000000000468e-03 9.134656461941007777e+00
5.840000000000000573e-03 9.134656340077839332e+00
5.880000000000000678e-03 9.134656218540580852e+00
5.920000000000000782e-03 9.134656097329202140e+00
5.960000000000000887e-03 9.134655976443660563e+00
6.000000000000000125e-03 9.134655855883924147e+00
6.040000000000000230e-03 9.134655735649957364e+00
6.080000000000000335e-03 9.134655615741722912e+00
6.120000000000000440e-03 9.134655496159185262e+00
6.160000000000000545e-03 9.134655376902308888e+00
6.200000000000000649e-03 9.134655257971056486e+00
6.240000000000000754e-03 9.134655139365392529e+00
6.280000000000000859e-03 9.134655021085281490e+00
6.320000000000000097e-03 9.134654903130684289e+00
6.360000000000000202e-03 9.134654785501568952e+00
6.400000000000000307e-03 9.134654668197896399e+00
6.440000000000000412e-03 9.134654551219627550e+00
6.480000000000000517e-03 9.134654434566732206e+00
6.520000000000000621e-03 9.134654318239167736e+00
6.560000000000000726e-03 9.134654202236900389e+00
6.600000000000000831e-03 9.134654086559894637e+00
6.640000000000000936e-03 9.134653971208111400e+00
6.680000000000000174e-03 9.134653856181515152e+00
6.720000000000000279e-03 9.134653741480068589e+00
6.760000000000000384e-03 9.134653627103737961e+00
6.800000000000000488e-03 9.134653511775368884e+00
6.840000000000000593e-03 9.134653398049152884e+00
6.880000000000000698e-03 9.134653284647940907e+00
6.920000000000000803e-03 9.134653171571697428e+00
6.960000000000000908e-03 9.134653058820385141e+00
7.000000000000000146e-03 9.134652946393964967e+00
7.040000000000000251e-03 9.134652834292401380e+00
7.080000000000000356e-03 9.134652722515660628e+00
7.120000000000000460e-03 9.134652611689830337e+00
7.160000000000000565e-03 9.134652500562621569e+00
7.200000000000000670e-03 9.134652389760121949e+00
7.240000000000000775e-03 9.134652279282297727e+00
7.280000000000000880e-03 9.134652169129111599e+00
7.320000000000000985e-03 9.134652059300526261e+00
7.360000000000000223e-03 9.134651949796545267e+00
7.400000000000000328e-03 9.134651840475724427e+00
7.440000000000000432e-03 9.134651731620898829e+00
7.480000000000000537e-03 9.134651622839506047e+00
7.520000000000000642e-03 9.134651514633668867e+00
7.560000000000000747e-03 9.134651406752269054e+00
7.600000000000000852e-03 9.134651299195265750e+00
7.640000000000000957e-03 9.134651191962619876e+00
7.680000000000001062e-03 9.134651085054294128e+00
7.720000000000000299e-03 9.134650978470247651e+00
7.760000000000000404e-03 9.134650872210446693e+00
7.800000000000000509e-03 9.134650766274850398e+00
7.840000000000001482e-03 9.134650660663425015e+00
7.879999999999999852e-03 9.134650555376309100e+00
7.919999999999999957e-03 9.134650450413111855e+00
7.960000000000000062e-03 9.134650345773740909e+00
8.000000000000000167e-03 9.134650241458626141e+00
8.040000000000000271e-03 9.134650137467499320e+00
8.080000000000000376e-03 9.134650033800303603e+00
8.120000000000000481e-03 9.134649930457044320e+00
8.160000000000000586e-03 9.134649827437664626e+00
8.200000000000000691e-03 9.134649724742223142e+00
8.240000000000000796e-03 9.134649621693837318e+00
8.280000000000000901e-03 9.134649519645886784e+00
8.320000000000001006e-03 9.134649417921675507e+00
8.360000000000001111e-03 9.134649316521169737e+00
8.400000000000001216e-03 9.134649215444195391e+00
8.440000000000001321e-03 9.134649114691033134e+00
8.480000000000001426e-03 9.134649014261432498e+00
8.520000000000001530e-03 9.134648914155397037e+00
8.559999999999999901e-03 9.134648814372894776e+00
8.600000000000000006e-03 9.134648714913890188e+00
8.640000000000000110e-03 9.134648615778347747e+00
8.680000000000000215e-03 9.134648516966231924e+00
8.720000000000000320e-03 9.134648418477510745e+00
8.760000000000000425e-03 9.134648320312150460e+00
8.800000000000000530e-03 9.134648222470113765e+00
8.840000000000000635e-03 9.134648124951370463e+00
8.880000000000000740e-03 9.134648027755881472e+00
8.920000000000000845e-03 9.134647930883616596e+00
8.960000000000000950e-03 9.134647834334540306e+00
9.000000000000001055e-03 9.134647738108617077e+00
9.040000000000001160e-03 9.134647642205814932e+00
9.080000000000001265e-03 9.134647546626100123e+00
9.120000000000001369e-03 9.134647451369437121e+00
9.160000000000001474e-03 9.134647356435790400e+00
9.200000000000001579e-03 9.134647261825129760e+00
9.239999999999999949e-03 9.134647167537416124e+00
9.280000000000000054e-03 9.134647073572619291e+00
9.320000000000000159e-03 9.134646979930705513e+00
9.360000000000000264e-03 9.134646886611635708e+00
9.400000000000000369e-03 9.134646793615383231e+00
9.440000000000000474e-03 9.134646700941907227e+00
9.480000000000000579e-03 9.134646608591177497e+00
9.520000000000000684e-03 9.134646516563158514e+00
9.560000000000000789e-03 9.134646424857818303e+00
9.600000000000000894e-03 9.134646333475117785e+00
9.640000000000000999e-03 9.134646242415028539e+00
9.680000000000001104e-03 9.134646151677513259e+00
9.720000000000001208e-03 9.134646061262538197e+00
9.760000000000001313e-03 9.134645971170069600e+00
9.800000000000001418e-03 9.134645881400073719e+00
9.840000000000001523e-03 9.134645791952516802e+00
9.880000000000001628e-03 9.134645702827361546e+00
9.919999999999999998e-03 9.134645614024577753e+00
9.960000000000000103e-03 9.134645525544129896e+00
1.000000000000000021e-02 9.134645437385984224e+00
1.178000000000000054e-02 9.134641839341711034e+00
1.356000000000000087e-02 9.134638876717202649e+00
1.533999999999999947e-02 9.134636546058837681e+00
1.711999999999999980e-02 9.134634845382462842e+00
1.890000000000000013e-02 9.134633770462350810e+00
2.068000000000000047e-02 9.134633319233714133e+00
2.246000000000000080e-02 9.134633487961535181e+00
2.424000000000000113e-02 9.134634274863389081e+00
2.602000000000000146e-02 9.134635676432257156e+00
2.779999999999999832e-02 9.134637689691237128e+00
2.958000000000000212e-02 9.134640312387077188e+00
3.135999999999999899e-02 9.134643541503493225e+00
3.314000000000000279e-02 9.134647373955331773e+00
3.491999999999999965e-02 9.134651807897869347e+00
3.670000000000000345e-02 9.134656839956020846e+00
3.848000000000000032e-02 9.134662467759246951e+00
4.026000000000000412e-02 9.134668688423969840e+00
4.204000000000000098e-02 9.134675499733951654e+00
4.382000000000000478e-02 9.134682898926271832e+00
4.560000000000000164e-02 9.134690883453583155e+00
4.738000000000000544e-02 9.134699450531883258e+00
4.916000000000000231e-02 9.134708598186593420e+00
5.094000000000000611e-02 9.134718323811410912e+00
5.272000000000000297e-02 9.134728624622228565e+00
5.450000000000000677e-02 9.134739498484595543e+00
5.628000000000000363e-02 9.134750942918051564e+00
5.806000000000000744e-02 9.134762955408291418e+00
5.984000000000000430e-02 9.134775533881674292e+00
6.162000000000000810e-02 9.134788675872142605e+00
6.339999999999999802e-02 9.134802379076287338e+00
6.518000000000000183e-02 9.134816641214410282e+00
6.696000000000000563e-02 9.134831460030378381e+00
6.873999999999999555e-02 9.134846833291502932e+00
7.051999999999999935e-02 9.134862758597899202e+00
7.230000000000000315e-02 9.134879234144452909e+00
7.407999999999999308e-02 9.134896257670989783e+00
7.585999999999999688e-02 9.134913826829571093e+00
7.764000000000000068e-02 9.134931939601347750e+00
7.942000000000000448e-02 9.134950593945680097e+00
8.119999999999999440e-02 9.134969787753515647e+00
8.297999999999999821e-02 9.134989518975890732e+00
8.476000000000000201e-02 9.135009785485143752e+00
8.654000000000000581e-02 9.135030585479528398e+00
8.831999999999999573e-02 9.135051916876175682e+00
9.009999999999999953e-02 9.135073777715595256e+00
9.188000000000000334e-02 9.135096166060456824e+00
9.366000000000000714e-02 9.135119079995497771e+00
9.543999999999999706e-02 9.135142517627432568e+00
9.722000000000000086e-02 9.135166477084872838e+00
9.900000000000000466e-02 9.135190956518243866e+00
1.007799999999999946e-01 9.135215954099717095e+00
1.025599999999999984e-01 9.135241468023348688e+00
1.043400000000000022e-01 9.135267496365733209e+00
1.061200000000000060e-01 9.135294037641301657e+00
1.078999999999999959e-01 9.135321090037523462e+00
1.096799999999999997e-01 9.135348651697974276e+00
1.114600000000000035e-01 9.135376720976143616e+00
1.132400000000000073e-01 9.135405296197721015e+00
1.150199999999999972e-01 9.135434375745058233e+00
1.168000000000000010e-01 9.135463957955199277e+00
1.185800000000000048e-01 9.135494041213449989e+00
1.203600000000000086e-01 9.135524623926032817e+00
1.221399999999999986e-01 9.135555704520074372e+00
1.239200000000000024e-01 9.135587281443466878e+00
1.257000000000000062e-01 9.135619353091108508e+00
1.274800000000000100e-01 9.135651918099762625e+00
1.292600000000000138e-01 9.135684974905643685e+00
1.310400000000000176e-01 9.135718522039232070e+00
1.328200000000000214e-01 9.135752558051509098e+00
1.345999999999999974e-01 9.135787081513905505e+00
1.363800000000000290e-01 9.135822091018237501e+00
1.381600000000000050e-01 9.135857585176655249e+00
1.399400000000000088e-01 9.135893562621594910e+00
1.417200000000000126e-01 9.135930022005718243e+00
1.435000000000000164e-01 9.135966962001873526e+00
1.452800000000000202e-01 9.136004381303035160e+00
1.470600000000000240e-01 9.136042278622264590e+00
1.488400000000000278e-01 9.136080652692658788e+00
1.506200000000000316e-01 9.136119502267305847e+00
1.524000000000000077e-01 9.136158826018105472e+00
1.541800000000000115e-01 9.136198622940261416e+00
1.559600000000000153e-01 9.136238891745433577e+00
1.577400000000000191e-01 9.136279631266242873e+00
1.595200000000000229e-01 9.136320840404637877e+00
1.613000000000000267e-01 9.136362517933630301e+00
1.630800000000000305e-01 9.136404662794607390e+00
1.648600000000000065e-01 9.136447273887823073e+00
1.666400000000000103e-01 9.136490350147010275e+00
1.684200000000000141e-01 9.136533890551360670e+00
1.702000000000000179e-01 9.136577894051274740e+00
1.719800000000000217e-01 9.136622359636534796e+00
1.737600000000000255e-01 9.136667286316413339e+00
1.755400000000000293e-01 9.136712673119649963e+00
1.773200000000000331e-01 9.136758519094366093e+00
1.791000000000000092e-01 9.136804823308157353e+00
1.808800000000000130e-01 9.136851584847921259e+00
1.826600000000000168e-01 9.136898802819931831e+00
1.844400000000000206e-01 9.136946476296030184e+00
1.862200000000000244e-01 9.136994684381775755e+00
1.880000000000000282e-01 9.137043266246971385e+00
1.897800000000000320e-01 9.137092301163209029e+00
1.915600000000000080e-01 9.137141788333069670e+00
1.933400000000000118e-01 9.137191726978318940e+00
1.951200000000000156e-01 9.137242116339891140e+00
1.969000000000000195e-01 9.137292955677871475e+00
1.986800000000000233e-01 9.137344244271483618e+00
2.004600000000000271e-01 9.137395981419066615e+00
2.022400000000000309e-01 9.137448166438018049e+00
2.040200000000000347e-01 9.137500798664804691e+00
2.058000000000000107e-01 9.137553877454948292e+00
2.075800000000000145e-01 9.137607402183006045e+00
2.093600000000000183e-01 9.137661372242558144e+00
2.111400000000000221e-01 9.137715787046193583e+00
2.129200000000000259e-01 9.137770646025501264e+00
2.147000000000000297e-01 9.137825948631043360e+00
2.164800000000000335e-01 9.137881694256522636e+00
2.182600000000000096e-01 9.137937882542098933e+00
2.200400000000000134e-01 9.137994512919382473e+00
2.218200000000000172e-01 9.138051584914753889e+00
2.236000000000000210e-01 9.138109098073524450e+00
2.253800000000000248e-01 9.138167051959920073e+00
2.271600000000000286e-01 9.138225446194246260e+00
2.289400000000000324e-01 9.138284280304235452e+00
2.307200000000000362e-01 9.138343553947997577e+00
2.325000000000000122e-01 9.138403266765383393e+00
2.342800000000000160e-01 9.138463418415128103e+00
2.360600000000000198e-01 9.138524008566436763e+00
2.378400000000000236e-01 9.138585036917781679e+00
2.396200000000000274e-01 9.138646503205915650e+00
2.414000000000000312e-01 9.138708407150222257e+00
2.431800000000000350e-01 9.138770748503857178e+00
2.449600000000000111e-01 9.138833527038860538e+00
2.467400000000000149e-01 9.138896742546148033e+00
2.485200000000000187e-01 9.138960394835523360e+00
2.503000000000000225e-01 9.139024483735674664e+00
2.520800000000000263e-01 9.139089009094165661e+00
2.538600000000000301e-01 9.139153970777455172e+00
2.556400000000000339e-01 9.139219368670923771e+00
2.574200000000000377e-01 9.139285202678818720e+00
2.591999999999999860e-01 9.139351472724305481e+00
2.609800000000000453e-01 9.139418178749462385e+00
2.627600000000000491e-01 9.139485320675015956e+00
2.645400000000000529e-01 9.139552898561415617e+00
2.663200000000000012e-01 9.139620912367250938e+00
2.681000000000000050e-01 9.139689362110328119e+00
2.698800000000000088e-01 9.139758247827396431e+00
2.716600000000000126e-01 9.139827569574169530e+00
2.734400000000000164e-01 9.139897327425339668e+00
2.752200000000000202e-01 9.139967521474581247e+00
2.770000000000000240e-01 9.140038151834568581e+00
2.787800000000000278e-01 9.140109218636990107e+00
2.805600000000000316e-01 9.140180722032551941e+00
2.823400000000000354e-01 9.140252662191008071e+00
2.841200000000000392e-01 9.140325039301156806e+00
2.859000000000000430e-01 9.140397853570874531e+00
2.876800000000000468e-01 9.140471105227115700e+00
2.894600000000000506e-01 9.140544794515944815e+00
2.912400000000000544e-01 9.140618921702538202e+00
2.930200000000000027e-01 9.140693487071219536e+00
2.948000000000000065e-01 9.140768490925456291e+00
2.965800000000000103e-01 9.140843933587904147e+00
2.983600000000000141e-01 9.140919815400412318e+00
3.001400000000000179e-01 9.140996136724037768e+00
3.019200000000000217e-01 9.141072897939086062e+00
3.037000000000000255e-01 9.141150099445116695e+00
3.054800000000000293e-01 9.141227741660976847e+00
3.072600000000000331e-01 9.141305825024810261e+00
3.090400000000000369e-01 9.141384349994098102e+00
3.108200000000000407e-01 9.141463317045671388e+00
3.126000000000000445e-01 9.141542726675741193e+00
3.143800000000000483e-01 9.141622579399921733e+00
3.161600000000000521e-01 9.141702875753258795e+00
3.179400000000000559e-01 9.141783616290254599e+00
3.197200000000000042e-01 9.141864801584898004e+00
3.215000000000000080e-01 9.141946432175533488e+00
3.232800000000000118e-01 9.142028508785518426e+00
3.250600000000000156e-01 9.142111031992305570e+00
3.268400000000000194e-01 9.142194002448116308e+00
3.286200000000000232e-01 9.142277420824791889e+00
3.304000000000000270e-01 9.142361287813846715e+00
3.321800000000000308e-01 9.142445604126486103e+00
3.339600000000000346e-01 9.142530370493641811e+00
3.357400000000000384e-01 9.142615587693024182e+00
3.375200000000000422e-01 9.142701256441087665e+00
3.393000000000000460e-01 9.142787377555167794e+00
3.410800000000000498e-01 9.142873951845444935e+00
3.428600000000000536e-01 9.142960980141999983e+00
3.446400000000000574e-01 9.143048463294846329e+00
3.464200000000000057e-01 9.143136402173976052e+00
3.482000000000000095e-01 9.143224797663258130e+00
3.499800000000000133e-01 9.143313650684998350e+00
3.517600000000000171e-01 9.143402962152377356e+00
3.535400000000000209e-01 9.143492733037303921e+00
3.553200000000000247e-01 9.143582964299383775e+00
3.571000000000000285e-01 9.143673656929248494e+00
3.588800000000000323e-01 9.143764811937785453e+00
3.606600000000000361e-01 9.143856430356166243e+00
3.624400000000000399e-01 9.143948513235903519e+00
3.642200000000000437e-01 9.144041061648882973e+00
3.660000000000000475e-01 9.144134076687405965e+00
3.677800000000000513e-01 9.144227559464248145e+00
3.695600000000000551e-01 9.144321511112696754e+00
3.713400000000000589e-01 9.144415932786582601e+00
3.731200000000000072e-01 9.144510825660354669e+00
3.749000000000000110e-01 9.144606190929096101e+00
3.766800000000000148e-01 9.144702029808621901e+00
3.784600000000000186e-01 9.144798343535461171e+00
3.802400000000000224e-01 9.144895133366954809e+00
3.820200000000000262e-01 9.144992400581289260e+00
3.838000000000000300e-01 9.145090146477548032e+00
3.855800000000000338e-01 9.145188372375768537e+00
3.873600000000000376e-01 9.145287079587745893e+00
3.891400000000000414e-01 9.145386269534048651e+00
3.909200000000000452e-01 9.145485943568639087e+00
3.927000000000000490e-01 9.145586103095883601e+00
3.944800000000000528e-01 9.145686749541356519e+00
3.962600000000000566e-01 9.145787884351925356e+00
3.980400000000000604e-01 9.145889508995772132e+00
3.998200000000000087e-01 9.145991624962475086e+00
4.016000000000000125e-01 9.146094233763054859e+00
4.033800000000000163e-01 9.146197336930047328e+00
4.051600000000000201e-01 9.146300936017549787e+00
4.069400000000000239e-01 9.146405032601274243e+00
4.087200000000000277e-01 9.146509628278643333e+00
4.105000000000000315e-01 9.146614724668809870e+00
4.122800000000000353e-01 9.146720323412749210e+00
4.140600000000000391e-01 9.146826426173317870e+00
4.158400000000000429e-01 9.146933034635310378e+00
4.176200000000000467e-01 9.147040150505528544e+00
4.194000000000000505e-01 9.147147775512841861e+00
4.211800000000000543e-01 9.147255911408279871e+00
4.229600000000000581e-01 9.147364559965065922e+00
4.247400000000000619e-01 9.147473722978711308e+00
4.265200000000000102e-01 9.147583402267077446e+00
4.283000000000000140e-01 9.147693599670441600e+00
4.300800000000000178e-01 9.147804317051576817e+00
4.318600000000000216e-01 9.147915556295824757e+00
4.336400000000000254e-01 9.148027319311164973e+00
4.354200000000000292e-01 9.148139608028293068e+00
4.372000000000000330e-01 9.148252424400695304e+00
4.389800000000000368e-01 9.148365770404730313e+00
4.407600000000000406e-01 9.148479648039696599e+00
4.425400000000000444e-01 9.148594059327926686e+00
4.443200000000000482e-01 9.148709006314854619e+00
4.461000000000000520e-01 9.148824491069104781e+00
4.478800000000000558e-01 9.148940515682570052e+00
4.496600000000000597e-01 9.149057082270498853e+00
4.514400000000000635e-01 9.149174192971578634e+00
4.532200000000000117e-01 9.149291849948022914e+00
4.550000000000000155e-01 9.149410055385658325e+00
4.567800000000000193e-01 9.149528811494009872e+00
4.585600000000000231e-01 9.149648120506398641e+00
4.603400000000000269e-01 9.149767984680021726e+00
4.621200000000000307e-01 9.149888406296053489e+00
4.639000000000000346e-01 9.150009387659743254e+00
4.656800000000000384e-01 9.150130931100491694e+00
4.674600000000000422e-01 9.150253038971971620e+00
4.692400000000000460e-01 9.150375713652204368e+00
4.710200000000000498e-01 9.150498957543671708e+00
4.728000000000000536e-01 9.150622773033518342e+00
4.745800000000000574e-01 9.150747162653249944e+00
4.763600000000000612e-01 9.150872128839427688e+00
4.781400000000000650e-01 9.150997674093389378e+00
4.799200000000000133e-01 9.151123800941446618e+00
4.817000000000000171e-01 9.151250511935002052e+00
4.834800000000000209e-01 9.151377809650650619e+00
4.852600000000000247e-01 9.151505696690296787e+00
4.870400000000000285e-01 9.151634175681270023e+00
4.888200000000000323e-01 9.151763249276434919e+00
4.906000000000000361e-01 9.151892920154313771e+00
4.923800000000000399e-01 9.152023191019205584e+00
4.941600000000000437e-01 9.152154064620820151e+00
4.959400000000000475e-01 9.152285543676329738e+00
4.977200000000000513e-01 9.152417630987615738e+00
4.995000000000000551e-01 9.152550329363307924e+00
5.012800000000000589e-01 9.152683641638441614e+00
5.030600000000000627e-01 9.152817570674578462e+00
5.048400000000000665e-01 9.152952119359959227e+00
5.066199999999999593e-01 9.153087290609613902e+00
5.083999999999999631e-01 9.153223087365525146e+00
5.101800000000000779e-01 9.153359512596750847e+00
5.119600000000000817e-01 9.153496569299582220e+00
5.137400000000000855e-01 9.153634260493253905e+00
5.155200000000000893e-01 9.153772589237785695e+00
5.173000000000000931e-01 9.153911558607601862e+00
5.190800000000000969e-01 9.154051171701569345e+00
5.208599999999999897e-01 9.154191431669950418e+00
5.226399999999999935e-01 9.154332341667723583e+00
5.244199999999999973e-01 9.154473904885980673e+00
5.262000000000000011e-01 9.154616124544276090e+00
5.279800000000000049e-01 9.154759003890792002e+00
5.297600000000000087e-01 9.154902546202519531e+00
5.315400000000000125e-01 9.155046754785425733e+00
5.333200000000000163e-01 9.155191632974631233e+00
5.351000000000000201e-01 9.155337184134591411e+00
5.368800000000000239e-01 9.155483411659281145e+00
5.386600000000000277e-01 9.155630318972377779e+00
5.404400000000000315e-01 9.155777909527460068e+00
5.422200000000000353e-01 9.155926186808198253e+00
5.440000000000000391e-01 9.156075154328545906e+00
5.457800000000000429e-01 9.156224815632956648e+00
5.475600000000000467e-01 9.156375174296575992e+00
5.493400000000000505e-01 9.156526233925459834e+00
5.511200000000000543e-01 9.156677998156784071e+00
5.529000000000000581e-01 9.156830470659059529e+00
5.546800000000000619e-01 9.156983655132385991e+00
5.564600000000000657e-01 9.157137555308624499e+00
5.582400000000000695e-01 9.157292174951670916e+00
5.600200000000000733e-01 9.157447517857679742e+00
5.618000000000000771e-01 9.157603587855307481e+00
5.635800000000000809e-01 9.157760388805955998e+00
5.653600000000000847e-01 9.157917924604022986e+00
5.671400000000000885e-01 9.158076199177166643e+00
5.689200000000000923e-01 9.158235216486556141e+00
5.707000000000000961e-01 9.158394980527150508e+00
5.724800000000000999e-01 9.158555495327957985e+00
5.742599999999999927e-01 9.158716764931360999e+00
5.760399999999999965e-01 9.158878776730507099e+00
5.778200000000000003e-01 9.159041569019432671e+00
5.796000000000000041e-01 9.159205128530965467e+00
5.813800000000000079e-01 9.159369459468557295e+00
5.831600000000000117e-01 9.159534566071499739e+00
5.849400000000000155e-01 9.159700452615206601e+00
5.867200000000000193e-01 9.159867123411547851e+00
5.885000000000000231e-01 9.160034582809188919e+00
5.902800000000000269e-01 9.160202835193922866e+00
5.920600000000000307e-01 9.160371884989013225e+00
5.938400000000000345e-01 9.160541736635197552e+00
5.956200000000000383e-01 9.160712394672414050e+00
5.974000000000000421e-01 9.160883863618163758e+00
5.991800000000000459e-01 9.161056148049194547e+00
6.009600000000000497e-01 9.161229252581566840e+00
6.027400000000000535e-01 9.161403181871044410e+00
6.045200000000000573e-01 9.161577940613488735e+00
6.063000000000000611e-01 9.161753533545285322e+00
6.080800000000000649e-01 9.161929965443743384e+00
6.098600000000000687e-01 9.162107241127532831e+00
6.116400000000000725e-01 9.162285365457126574e+00
6.134200000000000763e-01 9.162464343335233963e+00
6.152000000000000801e-01 9.162644179707267966e+00
6.169800000000000839e-01 9.162824879561807023e+00
6.187600000000000877e-01 9.163006447931071108e+00
6.205400000000000915e-01 9.163188889891408451e+00
6.223200000000000953e-01 9.163372210563794695e+00
6.241000000000000991e-01 9.163556415114332054e+00
6.258800000000001029e-01 9.163741508754782217e+00
6.276599999999999957e-01 9.163927496743074386e+00
6.294399999999999995e-01 9.164114384383863054e+00
6.312200000000000033e-01 9.164302177029069796e+00
6.330000000000000071e-01 9.164490880078446366e+00
6.347800000000000109e-01 9.164680498980141365e+00
6.365600000000000147e-01 9.164871039231291761e+00
6.383400000000000185e-01 9.165062506378616192e+00
6.401200000000000223e-01 9.165254915538243452e+00
6.419000000000000261e-01 9.165448286287896096e+00
6.436800000000000299e-01 9.165642525421258568e+00
6.454600000000000337e-01 9.165837756633420597e+00
6.472400000000000375e-01 9.166033943240572412e+00
6.490200000000000413e-01 9.166231091099975359e+00
6.508000000000000451e-01 9.166429206122925777e+00
6.525800000000000489e-01 9.166628294275421140e+00
6.543600000000000527e-01 9.166828361578840401e+00
6.561400000000000565e-01 9.167029414110636765e+00
6.579200000000000603e-01 9.167231458005023370e+00
6.597000000000000641e-01 9.167434499453673169e+00
6.614800000000000679e-01 9.167638544706417036e+00
6.632600000000000717e-01 9.167843600042118624e+00
6.650400000000000755e-01 9.168049671888603314e+00
6.668200000000000793e-01 9.168256766644599765e+00
6.686000000000000831e-01 9.168464890799524980e+00
6.703800000000000869e-01 9.168674050904400019e+00
6.721600000000000907e-01 9.168884253572517906e+00
6.739400000000000945e-01 9.169095505480061803e+00
6.757200000000000983e-01 9.169307813366733839e+00
6.775000000000001021e-01 9.169521184051205864e+00
6.792800000000001059e-01 9.169735624372163940e+00
6.810599999999999987e-01 9.169951141277996598e+00
6.828400000000000025e-01 9.170167741767780711e+00
6.846200000000000063e-01 9.170385432906497769e+00
6.864000000000000101e-01 9.170604221825294999e+00
6.881800000000000139e-01 9.170824115718223979e+00
6.899600000000000177e-01 9.171045121855973647e+00
6.917400000000000215e-01 9.171267247559145019e+00
6.935200000000000253e-01 9.171490500235965015e+00
6.953000000000000291e-01 9.171714887341918754e+00
6.970800000000000329e-01 9.171940416403304042e+00
6.988600000000000367e-01 9.172167095010129501e+00
7.006400000000000405e-01 9.172394930814748548e+00
7.024200000000000443e-01 9.172623931530077712e+00
7.042000000000000481e-01 9.172854104927353092e+00
7.059800000000000519e-01 9.173085458833311279e+00
7.077600000000000557e-01 9.173318001126695265e+00
7.095400000000000595e-01 9.173551739733994737e+00
7.113200000000000633e-01 9.173786682624253785e+00
7.131000000000000671e-01 9.174022837802739971e+00
7.148800000000000709e-01 9.174260213303361056e+00
7.166600000000000747e-01 9.174498817179507881e+00
7.184400000000000786e-01 9.174738657475851156e+00
7.202200000000000824e-01 9.174979742327675325e+00
7.220000000000000862e-01 9.175222079793067920e+00
7.237800000000000900e-01 9.175465677780859863e+00
7.255600000000000938e-01 9.175710544244365607e+00
7.273400000000000976e-01 9.175956687032009285e+00
7.291200000000001014e-01 9.176200586609692067e+00
7.309000000000001052e-01 9.176449468260170050e+00
7.326800000000001090e-01 9.176699669712238716e+00
7.344600000000000017e-01 9.176951200956706245e+00
7.362400000000000055e-01 9.177204072119254263e+00
7.380200000000000093e-01 9.177458293463525152e+00
7.398000000000000131e-01 9.177713875394328369e+00
7.415800000000000169e-01 9.177970828460935593e+00
7.433600000000000207e-01 9.178229163360480669e+00
7.451400000000000245e-01 9.178488890941464362e+00
7.469200000000000284e-01 9.178750022207394110e+00
7.487000000000000322e-01 9.179012568320525034e+00
7.504800000000000360e-01 9.179276540605748380e+00
7.522600000000000398e-01 9.179541950554634511e+00
7.540400000000000436e-01 9.179808809829632210e+00
7.558200000000000474e-01 9.180077130268477603e+00
7.576000000000000512e-01 9.180346923888805577e+00
7.593800000000000550e-01 9.180618202893070290e+00
7.611600000000000588e-01 9.180890979673710817e+00
7.629400000000000626e-01 9.181165266818743120e+00
7.647200000000000664e-01 9.181441077117623806e+00
7.665000000000000702e-01 9.181718423567502896e+00
7.682800000000000740e-01 9.181997319379611611e+00
7.700600000000000778e-01 9.182277777985548894e+00
7.718400000000000816e-01 9.182559813043072339e+00
7.736200000000000854e-01 9.182843438440920991e+00
7.754000000000000892e-01 9.183128668302417807e+00
7.771800000000000930e-01 9.183415516988008065e+00
7.789600000000000968e-01 9.183703999097598825e+00
7.807400000000001006e-01 9.183994129473896706e+00
7.825200000000001044e-01 9.184285923208003410e+00
7.843000000000001082e-01 9.184579395647691769e+00
7.860800000000001120e-01 9.184874562407953746e+00
7.878600000000000048e-01 9.185171439382671110e+00
7.896400000000000086e-01 9.185470042756334053e+00
7.914200000000000124e-01 9.185770389015059934e+00
7.932000000000000162e-01 9.186072494956507128e+00
7.949800000000000200e-01 9.186376377699579265e+00
7.967600000000000238e-01 9.186682054693338983e+00
7.985400000000000276e-01 9.186989543726182816e+00
8.003200000000000314e-01 9.187298862935255883e+00
8.021000000000000352e-01 9.187610030791123705e+00
8.038800000000000390e-01 9.187923066208737666e+00
8.056600000000000428e-01 9.188237988407729873e+00
8.074400000000000466e-01 9.188554817024128241e+00
8.092200000000000504e-01 9.188873572097435272e+00
8.110000000000000542e-01 9.189194274095910941e+00
8.127800000000000580e-01 9.189516943878988542e+00
8.145600000000000618e-01 9.189841602787094388e+00
8.163400000000000656e-01 9.190168272605356847e+00
8.181200000000000694e-01 9.190496975588251516e+00
8.199000000000000732e-01 9.190827734486969547e+00
8.216800000000000770e-01 9.191160572542800722e+00
8.234600000000000808e-01 9.191495513536771966e+00
8.252400000000000846e-01 9.191832581772995781e+00
8.270200000000000884e-01 9.192171802118027202e+00
8.288000000000000922e-01 9.192513200014877484e+00
8.305800000000000960e-01 9.192856801503117126e+00
8.323600000000000998e-01 9.193202633239861754e+00
8.341400000000001036e-01 9.193550722521692364e+00
8.359200000000001074e-01 9.193901097307580983e+00
8.377000000000001112e-01 9.194253786242885695e+00
8.394800000000001150e-01 9.194608818684400831e+00
8.412600000000000078e-01 9.194966224726641713e+00
8.430400000000000116e-01 9.195326035229335560e+00
8.448200000000000154e-01 9.195688281831317923e+00
8.466000000000000192e-01 9.196052997040419896e+00
8.483800000000000230e-01 9.196420214175764940e+00
8.501600000000000268e-01 9.196789967460617277e+00
8.519400000000000306e-01 9.197162292042472487e+00
8.537200000000000344e-01 9.197537224029829872e+00
8.555000000000000382e-01 9.197914800530881507e+00
8.572800000000000420e-01 9.198295059694244102e+00
8.590600000000000458e-01 9.198678040751868679e+00
8.608400000000000496e-01 9.199063784064291482e+00
8.626200000000000534e-01 9.199452331168375352e+00
8.644000000000000572e-01 9.199843724827708513e+00
8.661800000000000610e-01 9.200238009085872193e+00
8.679600000000000648e-01 9.200635229322731590e+00
8.697400000000000686e-01 9.201035432314025542e+00
8.715200000000000724e-01 9.201438666294453839e+00
8.733000000000000762e-01 9.201844981024541070e+00
8.750800000000000800e-01 9.202254427861575437e+00
8.768600000000000838e-01 9.202667059834951147e+00
8.786400000000000876e-01 9.203082931726216387e+00
8.804200000000000914e-01 9.203502100154297594e+00
8.822000000000000952e-01 9.203924623643040093e+00
8.839800000000000990e-01 9.204350562810724057e+00
8.857600000000001028e-01 9.204779980334604872e+00
8.875400000000001066e-01 9.205219195559827483e+00
8.893200000000001104e-01 9.205655795009125342e+00
8.911000000000001142e-01 9.206096075468355622e+00
8.928800000000001180e-01 9.206540109209848666e+00
8.946600000000000108e-01 9.206987971272802440e+00
8.964400000000000146e-01 9.207439739621145591e+00
8.982200000000000184e-01 9.207895495313447753e+00
9.000000000000000222e-01 9.208355322686076150e+00
9.003999999999999782e-01 9.208459223868871391e+00
9.008000000000000451e-01 9.208563336107307151e+00
9.012000000000000011e-01 9.208667660432441338e+00
9.016000000000000680e-01 9.208772197884995236e+00
9.020000000000000240e-01 9.208876949515479637e+00
9.023999999999999799e-01 9.208981916384342270e+00
9.028000000000000469e-01 9.209087099562093925e+00
9.032000000000000028e-01 9.209192500129455894e+00
9.036000000000000698e-01 9.209298119177507402e+00
9.040000000000000258e-01 9.209403957807818841e+00
9.043999999999999817e-01 9.209510017132618742e+00
9.048000000000000487e-01 9.209616298274925228e+00
9.052000000000000046e-01 9.209722802368727201e+00
9.056000000000000716e-01 9.209829530559106914e+00
9.060000000000000275e-01 9.209936484002440693e+00
9.063999999999999835e-01 9.210043663866526842e+00
9.068000000000000504e-01 9.210151071330775707e+00
9.072000000000000064e-01 9.210258707586383764e+00
9.076000000000000734e-01 9.210366573836475723e+00
9.080000000000000293e-01 9.210474671296317695e+00
9.083999999999999853e-01 9.210583001193487718e+00
9.088000000000000522e-01 9.210691564768048067e+00
9.092000000000000082e-01 9.210800363272737101e+00
9.095999999999999641e-01 9.210909397973184198e+00
9.100000000000000311e-01 9.211018670148069631e+00
9.103999999999999870e-01 9.211128203531856684e+00
9.108000000000000540e-01 9.211237955507360908e+00
9.112000000000000099e-01 9.211347948894824000e+00
9.115999999999999659e-01 9.211458185027618484e+00
9.120000000000000329e-01 9.211568665253233590e+00
9.123999999999999888e-01 9.211679390933493750e+00
9.128000000000000558e-01 9.211790363444785967e+00
9.132000000000000117e-01 9.211901584178294300e+00
9.135999999999999677e-01 9.212013054540227230e+00
9.140000000000000346e-01 9.212124775952068134e+00
9.143999999999999906e-01 9.212236749850816864e+00
9.148000000000000576e-01 9.212348977689240215e+00
9.152000000000000135e-01 9.212461460936136604e+00
9.155999999999999694e-01 9.212574201076586533e+00
9.160000000000000364e-01 9.212687199612231481e+00
9.163999999999999924e-01 9.212800458061545683e+00
9.168000000000000593e-01 9.212913977960118572e+00
9.172000000000000153e-01 9.213027760860933668e+00
9.175999999999999712e-01 9.213141808334668781e+00
9.180000000000000382e-01 9.213256121970001544e+00
9.183999999999999941e-01 9.213370703373900739e+00
9.188000000000000611e-01 9.213485554171956693e+00
9.192000000000000171e-01 9.213600676008692147e+00
9.195999999999999730e-01 9.213716070547892656e+00
9.200000000000000400e-01 9.213831739472947646e+00
9.203999999999999959e-01 9.213947684487184375e+00
9.208000000000000629e-01 9.214063907314233859e+00
9.212000000000000188e-01 9.214180409698379037e+00
9.215999999999999748e-01 9.214297193382492424e+00
9.220000000000000417e-01 9.214414260198148909e+00
9.223999999999999977e-01 9.214531611931432664e+00
9.228000000000000647e-01 9.214649250413033954e+00
9.232000000000000206e-01 9.214767177496238304e+00
9.235999999999999766e-01 9.214885395057340389e+00
9.240000000000000435e-01 9.215003904996070361e+00
9.243999999999999995e-01 9.215122709236030829e+00
9.248000000000000664e-01 9.215241809725140953e+00
9.252000000000000224e-01 9.215361208436100071e+00
9.255999999999999783e-01 9.215480907366854879e+00
9.260000000000000453e-01 9.215600908541084380e+00
9.264000000000000012e-01 9.215721214008686601e+00
9.268000000000000682e-01 9.215841825846299074e+00
9.272000000000000242e-01 9.215962746157806862e+00
9.275999999999999801e-01 9.216083977074880806e+00
9.280000000000000471e-01 9.216205520757522862e+00
9.284000000000000030e-01 9.216327379394634534e+00
9.288000000000000700e-01 9.216449555204579980e+00
9.292000000000000259e-01 9.216572050435797081e+00
9.295999999999999819e-01 9.216694867367385413e+00
9.300000000000000488e-01 9.216818008309742183e+00
9.304000000000000048e-01 9.216941475605201717e+00
9.308000000000000718e-01 9.217065271628687384e+00
9.312000000000000277e-01 9.217189398788395494e+00
9.315999999999999837e-01 9.217313859526484521e+00
9.320000000000000506e-01 9.217438656319789203e+00
9.324000000000000066e-01 9.217563791680559504e+00
9.328000000000000735e-01 9.217689268157210236e+00
9.332000000000000295e-01 9.217815088335092000e+00
9.335999999999999854e-01 9.217941254837301202e+00
9.340000000000000524e-01 9.218067770325488297e+00
9.344000000000000083e-01 9.218194637500706889e+00
9.347999999999999643e-01 9.218321859104284144e+00
9.352000000000000313e-01 9.218449437918701861e+00
9.355999999999999872e-01 9.218577376779792942e+00
9.360000000000000542e-01 9.218705678532641556e+00
9.364000000000000101e-01 9.218834346100106103e+00
9.367999999999999661e-01 9.218963382438786880e+00
9.372000000000000330e-01 9.219092790551336236e+00
9.375999999999999890e-01 9.219222573487501293e+00
9.380000000000000560e-01 9.219352734345235945e+00
9.384000000000000119e-01 9.219483276271819960e+00
9.387999999999999678e-01 9.219614202465034936e+00
9.392000000000000348e-01 9.219745516174354449e+00
9.395999999999999908e-01 9.219877220702191067e+00
9.400000000000000577e-01 9.220009319405168213e+00
9.404000000000000137e-01 9.220141815695440002e+00
9.407999999999999696e-01 9.220274713042053705e+00
9.412000000000000366e-01 9.220408014972344191e+00
9.415999999999999925e-01 9.220541725073394090e+00
9.420000000000000595e-01 9.220675846993517055e+00
9.424000000000000155e-01 9.220810384443813845e+00
9.427999999999999714e-01 9.220945341199753287e+00
9.432000000000000384e-01 9.221080721102829614e+00
9.435999999999999943e-01 9.221216528062264217e+00
9.440000000000000613e-01 9.221352766056762462e+00
9.444000000000000172e-01 9.221489439136330901e+00
9.447999999999999732e-01 9.221626551424165541e+00
9.452000000000000401e-01 9.221764107118582743e+00
9.455999999999999961e-01 9.221902110495049598e+00
9.460000000000000631e-01 9.222040565908256937e+00
9.464000000000000190e-01 9.222179477794268720e+00
9.467999999999999750e-01 9.222318850670156110e+00
9.472000000000000419e-01 9.222458689146735722e+00
9.475999999999999979e-01 9.222598997915312680e+00
9.479999999999999538e-01 9.222739781760592948e+00
9.484000000000000208e-01 9.222881045560646029e+00
9.487999999999999767e-01 9.223022794289562398e+00
9.492000000000000437e-01 9.223165033020222836e+00
9.495999999999999996e-01 9.223307766927153040e+00
9.499999999999999556e-01 9.223451001284864503e+00
9.504000000000000226e-01 9.223594741489481663e+00
9.507999999999999785e-01 9.223738993034118039e+00
9.512000000000000455e-01 9.223883761530750292e+00
9.516000000000000014e-01 9.224029052709022736e+00
9.519999999999999574e-01 9.224174872419842686e+00
9.524000000000000243e-01 9.224321226639082383e+00
9.527999999999999803e-01 9.224468121471481652e+00
9.532000000000000473e-01 9.224615563154646480e+00
9.536000000000000032e-01 9.224763558063239444e+00
9.539999999999999591e-01 9.224912112713344214e+00
9.544000000000000261e-01 9.225061233766988167e+00
9.547999999999999821e-01 9.225210928036858604e+00
9.552000000000000490e-01 9.225361202491228596e+00
9.556000000000000050e-01 9.225512064259060452e+00
9.559999999999999609e-01 9.225663520635347226e+00
9.564000000000000279e-01 9.225815579086670937e+00
9.567999999999999838e-01 9.225968247256986388e+00
9.572000000000000508e-01 9.226121532973705186e+00
9.576000000000000068e-01 9.226275444253955627e+00
9.579999999999999627e-01 9.226429989311215607e+00
9.584000000000000297e-01 9.226585176562160484e+00
9.587999999999999856e-01 9.226741014633855542e+00
9.592000000000000526e-01 9.226897512371284193e+00
9.596000000000000085e-01 9.227054678845172830e+00
9.599999999999999645e-01 9.227212523360211804e+00
9.604000000000000314e-01 9.227371055463649441e+00
9.607999999999999874e-01 9.227530284954278628e+00
9.612000000000000544e-01 9.227690221891844402e+00
9.616000000000000103e-01 9.227850876606927599e+00
9.619999999999999662e-01 9.228012259711261933e+00
9.624000000000000332e-01 9.228174382108562668e+00
9.627999999999999892e-01 9.228337255005925499e+00
9.632000000000000561e-01 9.228500889925712158e+00
9.636000000000000121e-01 9.228665298718116361e+00
9.639999999999999680e-01 9.228830493574278648e+00
9.644000000000000350e-01 9.228996487040120655e+00
9.647999999999999909e-01 9.229163292030882815e+00
9.652000000000000579e-01 9.229330921846404578e+00
9.656000000000000139e-01 9.229499390187204000e+00
9.659999999999999698e-01 9.229668711171425954e+00
9.664000000000000368e-01 9.229838899352662551e+00
9.667999999999999927e-01 9.230009969738794950e+00
9.672000000000000597e-01 9.230181937811785531e+00
9.676000000000000156e-01 9.230354819548647782e+00
9.679999999999999716e-01 9.230528631443515764e+00
9.684000000000000385e-01 9.230703390530992536e+00
9.687999999999999945e-01 9.230879114410841524e+00
9.692000000000000615e-01 9.231055821274054551e+00
9.696000000000000174e-01 9.231233529930518600e+00
9.699999999999999734e-01 9.231412259838217338e+00
9.704000000000000403e-01 9.231592031134265852e+00
9.707999999999999963e-01 9.231772864667760814e+00
9.712000000000000632e-01 9.231954782034682339e+00
9.716000000000000192e-01 9.232137805614897275e+00
9.719999999999999751e-01 9.232321958611541035e+00
9.724000000000000421e-01 9.232507265092863236e+00
9.727999999999999980e-01 9.232693750036752078e+00
9.732000000000000650e-01 9.232881439378189725e+00
9.736000000000000210e-01 9.233070360059770110e+00
9.739999999999999769e-01 9.233260540085655776e+00
9.744000000000000439e-01 9.233452008579130066e+00
9.747999999999999998e-01 9.233644795844110575e+00
9.752000000000000668e-01 9.233838933430929430e+00
9.756000000000000227e-01 9.234034454206735631e+00
9.759999999999999787e-01 9.234231392430926277e+00
9.764000000000000457e-01 9.234429783836054284e+00
9.768000000000000016e-01 9.234629665701303836e+00
9.771999999999999575e-01 9.234831076999038046e+00
9.776000000000000245e-01 9.235034058415324765e+00
9.779999999999999805e-01 9.235238652511139179e+00
9.784000000000000474e-01 9.235444903825559493e+00
9.788000000000000034e-01 9.235652859001419301e+00
9.791999999999999593e-01 9.235862566921067440e+00
9.796000000000000263e-01 9.236074078853205194e+00
9.799999999999999822e-01 9.236287448611944839e+00
9.804000000000000492e-01 9.236502732729240606e+00
9.808000000000000052e-01 9.236719990642139777e+00
9.811999999999999611e-01 9.236939284896363844e+00
9.816000000000000281e-01 9.237160681367976522e+00
9.819999999999999840e-01 9.237384249505087297e+00
9.824000000000000510e-01 9.237610062591787852e+00
9.828000000000000069e-01 9.237838198036852688e+00
9.831999999999999629e-01 9.238068737689999921e+00
9.836000000000000298e-01 9.238301768188954100e+00
9.839999999999999858e-01 9.238537381340968579e+00
9.843999999999999417e-01 9.238775674542972993e+00
9.848000000000000087e-01 9.239016751245182846e+00
9.851999999999999647e-01 9.239260721463587345e+00
9.856000000000000316e-01 9.239507702347729889e+00
9.859999999999999876e-01 9.239757818810996781e+00
9.863999999999999435e-01 9.240011204231914022e+00
9.868000000000000105e-01 9.240268001236241702e+00
9.871999999999999664e-01 9.240528362571293286e+00
9.876000000000000334e-01 9.240792452085857533e+00
9.879999999999999893e-01 9.241060445831362102e+00
9.883999999999999453e-01 9.241332533302797358e+00
9.888000000000000123e-01 9.241608918841174969e+00
9.891999999999999682e-01 9.241889823223484512e+00
9.896000000000000352e-01 9.242174992115458565e+00
9.899999999999999911e-01 9.242465720632340620e+00
9.903999999999999471e-01 9.242761748689906298e+00
9.908000000000000140e-01 9.243063383622487805e+00
9.911999999999999700e-01 9.243370961200074731e+00
9.916000000000000369e-01 9.243684849293019923e+00
9.919999999999999929e-01 9.244005452057779237e+00
9.923999999999999488e-01 9.244333214840489532e+00
9.928000000000000158e-01 9.244668629933061155e+00
9.931999999999999718e-01 9.245012243371876437e+00
9.936000000000000387e-01 9.245364663031740093e+00
9.939999999999999947e-01 9.245726568363521025e+00
9.943999999999999506e-01 9.246098722261084646e+00
9.948000000000000176e-01 9.246481985691350047e+00
9.951999999999999735e-01 9.246877335777240248e+00
9.956000000000000405e-01 9.247285887941915306e+00
9.959999999999999964e-01 9.247708922834458889e+00
9.963999999999999524e-01 9.248147919497494485e+00
9.968000000000000194e-01 9.248604597318490050e+00
9.971999999999999753e-01 9.249080970214976105e+00
9.976000000000000423e-01 9.249579525396583790e+00
9.979999999999999982e-01 9.250106468651129177e+00
9.983999999999999542e-01 9.250658357539967014e+00
9.988000000000000211e-01 9.251242548041542335e+00
9.991999999999999771e-01 9.251864204700000371e+00
9.996000000000000441e-01 9.252529817246779587e+00
1.000000000000000000e+00 9.253247697426580487e+00
